c= 0.001
EDGE_WEIGHT: 40 - 60
graph: 15 - inf
or_cluster: [0, 1, 1, 0, 1, 0, 1, 1, 1, 1, 1, 1, 1, 1, 0, 1, 1, 0, 0, 1, 0, 0, 0, 0, 0, 0, 1, 1, 1, 1, 1, 0, 0, 1, 1, 1, 1, 0, 1, 1, 1, 0, 1, 1, 1, 1, 0, 1, 0, 1]
re_cluster: [0, 1, 0, 0, 1, 0, 1, 0, 1, 1, 1, 0, 1, 0, 0, 0, 1, 0, 0, 1, 0, 0, 0, 0, 0, 0, 0, 1, 1, 1, 0, 0, 0, 0, 1, 1, 0, 1, 1, 0, 0, 0, 1, 0, 1, 1, 0, 0, 0, 1]
jaccard_sim: [[0.9772209567198178], [0.9726651480637813], [0.9550561797752809], [0.6341782074732166], [0.9235142118863049], [0.9825708061002179], [0.7227919285478002], [0.9869174161896974], [0.9867211440245148], [0.8589473684210527], [0.9307692307692308], [0.9375], [0.7008574150523976], [0.5640828856485035], [0.8767123287671232], [0.6569100784550392], [0.9567307692307693], [0.8533333333333334], [0.9191489361702128], [0.8562796719896418], [0.9639830508474576], [0.975609756097561], [0.9732142857142857], [0.9204545454545454], [0.9050387596899225], [0.31383440374934907], [0.9694148936170213], [0.8224110032362459], [0.9715719063545151], [0.9540229885057471], [0.7515842839036755], [0.972972972972973], [0.7888888888888889], [0.97953216374269], [0.6305021698698078], [0.9964539007092199], [0.9541734860883797], [0.8739854762921828], [0.9073464912280702], [0.649490538573508], [0.9343629343629344], [0.5161290322580645], [0.9382716049382716], [0.9248554913294798], [0.9132947976878613], [0.9701492537313433], [0.6123238463663996], [0.20189818809318377], [0.9578163771712159], [0.9831715210355987]]
or_edge_weights_mean: [34.88907540455247, 35.399075500770415, 33.41409003069228, 35.89413709116214, 37.250035111126714, 36.91409459488525, 35.14996967065904, 37.32250578761395, 36.43058714078975, 34.92995066472286, 52.48513800424629, 41.41098871813094, 36.221065808818175, 45.484466046229045, 92.85160098522168, 34.212288463504024, 43.42344608459654, 104.44338807260155, 42.805730625583564, 33.08446497448336, 33.64121240212551, 67.07359050445103, 38.02884796681541, 70.72298745026018, 33.789801648673404, 37.76689692536909, 34.41468253968254, 34.61435642920049, 36.602955794369734, 35.79972783908486, 34.85442955299527, 56.606679035250465, 65.90569243840272, 35.60791243136299, 32.70129219673445, 39.21188752682696, 33.469516111441, 33.4783679304078, 37.146606919349146, 36.3778232930823, 36.279575317108694, 195.58098591549296, 70.39142091152814, 40.309288537549406, 50.60545148389813, 34.31654580039232, 37.18852637302882, 56.88587360594796, 34.22865722865723, 43.540638631800036]
red_edge_weights_mean: [35.18181191078409, 34.86051889093956, 33.50530798119289, 35.2775051507773, 37.27128500739683, 37.10766756977026, 35.694240793321185, 37.47869372046297, 35.713718206284824, 35.81319303672631, 54.965792031098154, 42.65812006927073, 34.68388303154514, 33.08349363841922, 102.08053265694356, 31.953680344882645, 43.62334255123024, 108.73278879813303, 44.58988098946975, 35.01925088037563, 33.951286081984485, 64.56103575832306, 38.383546071648965, 71.84990825688074, 34.31349165902218, 50.353368602205364, 34.61689774262976, 33.25821131776811, 36.86460705032582, 36.19771896412075, 35.90032069120882, 57.319013956860616, 72.26332453825857, 35.0705998281125, 35.05899165428147, 39.236800702498996, 33.64966778056614, 35.11816736535073, 37.17051074279165, 33.459322055936234, 36.36960476924723, 238.02, 74.01224889759922, 41.05374816918912, 51.080458538675806, 34.49635374822323, 40.44778089851283, 55.69349962207105, 34.61284072106592, 43.599805111191024]

graph: 15 - 510
or_cluster: [0, 1, 1, 1, 1, 0, 1, 1, 1, 1, 1, 1, 1, 1, 0, 1, 1, 0, 0, 1, 0, 0, 0, 0, 0, 1, 1, 1, 1, 1, 1, 0, 0, 1, 0, 1, 1, 0, 1, 1, 1, 0, 1, 1, 1, 1, 0, 0, 0, 1]
re_cluster: [0, 1, 0, 1, 1, 0, 0, 0, 0, 1, 0, 1, 0, 1, 0, 1, 1, 0, 0, 1, 0, 0, 0, 0, 0, 1, 1, 0, 1, 1, 0, 0, 0, 1, 1, 1, 0, 1, 1, 1, 0, 0, 1, 1, 0, 1, 0, 0, 0, 1]
jaccard_sim: [[0.9863325740318907], [0.981651376146789], [0.9530956848030019], [0.5506297229219144], [0.9209568382735309], [0.9803921568627451], [0.6812213740458015], [0.9828431372549019], [0.9845837615621789], [0.8800172637030643], [0.8854961832061069], [0.9788732394366197], [0.7220941718801449], [0.5912276148455748], [0.9154929577464789], [0.6567076742823668], [0.9468599033816425], [0.972972972972973], [0.9319148936170213], [0.8612175393784589], [0.9830508474576272], [0.9166666666666666], [0.9791044776119403], [0.9090909090909091], [0.8990291262135922], [0.36975881261595545], [0.9748344370860927], [0.7985347985347986], [0.9832214765100671], [0.9655963302752294], [0.6333725029377203], [0.9594594594594594], [0.896551724137931], [0.9833984375], [0.6042953809944102], [0.9929078014184397], [0.9559543230016313], [0.8561731014000848], [0.952195664257921], [0.6531757754800591], [0.9151429910923582], [0.5], [0.7857142857142857], [0.967930029154519], [0.8305084745762712], [0.9795539033457249], [0.6256267409470752], [0.21041938760702367], [0.9655172413793104], [0.9869366427171783]]
or_edge_weights_mean: [34.91287264978135, 34.918725148849376, 33.29328918196805, 35.05142184647901, 36.7043074602361, 36.65319872567591, 33.96012526625418, 36.88969324948708, 35.508930656521905, 34.188042413804745, 52.30295522916298, 41.24202009424735, 34.79088620836194, 33.258686748579734, 91.15925925925926, 37.340183723943, 43.16349910601947, 94.56228070175439, 42.391626766320215, 34.336841201173506, 33.836418846116175, 66.18597742127155, 37.875825004714315, 69.61189454322502, 33.713165838201505, 51.45786401381238, 34.60073294940745, 32.45466229475308, 36.490442514397195, 36.08838069125955, 35.28920724567808, 55.67201486235433, 64.8531914893617, 35.406509019990246, 32.43301749613021, 39.05879142867538, 33.714041116250314, 32.79205808707357, 36.35697544345603, 34.49314869190276, 35.49874142310171, 138.5287356321839, 69.2586129753915, 40.09845849802372, 50.302073465950954, 34.53074872153503, 34.4457504145937, 55.35641469513368, 34.535023695734765, 40.58329350600907]
red_edge_weights_mean: [34.912469886428816, 34.82685452384994, 33.22423730116038, 42.0187617260788, 36.088499088979965, 36.60319532650306, 32.49920921305182, 37.03111691749096, 35.84334360613324, 32.17765317286652, 53.59341803790877, 41.41192498070024, 33.01165775223965, 31.459901625320786, 97.35907590759076, 33.34181902337422, 43.95526122148639, 96.07078039927404, 43.46250531301233, 34.06617735631181, 33.999781420765025, 69.19243313763862, 38.16076582643833, 72.13887857408095, 33.96503693281745, 33.77714808043876, 34.423333594269835, 33.40710806972732, 36.62030096808205, 36.043370183816315, 33.37759180614539, 56.37850812407681, 66.36998514115899, 34.863524267341965, 31.28338199195317, 39.13304689508281, 33.50259985216527, 34.56237184568266, 36.278742850403916, 35.50392899880335, 34.98182373360761, 138.9672131147541, 76.45712754555198, 40.170660948536835, 54.08611758611759, 34.4964638268094, 37.480012376237624, 54.89304915514593, 34.43080173233337, 40.623331147233806]

graph: 40 - 510
or_cluster: [1, 1, 1, 0, 1, 1, 1, 1, 1, 1, 1, 1, 1, 1, 1, 1, 1, 1, 1, 1, 1, 1, 1, 1, 0, 1, 1, 1, 1, 1, 1, 1, 1, 1, 1, 1, 1, 1, 1, 1, 1, 1, 1, 1, 1, 1, 1, 0, 1, 1]
re_cluster: [0, 1, 1, 1, 0, 1, 1, 0, 0, 1, 0, 0, 0, 1, 0, 1, 0, 0, 0, 0, 0, 0, 0, 0, 0, 0, 0, 1, 0, 0, 0, 0, 0, 1, 1, 0, 0, 1, 0, 1, 0, 1, 1, 1, 1, 1, 0, 0, 0, 0]
jaccard_sim: [[0.9565217391304348], [0.9863013698630136], [0.9363636363636364], [0.8431372549019608], [0.979253112033195], [0.970873786407767], [0.8627027027027027], [0.9858757062146892], [0.9730769230769231], [0.9741626794258373], [0.5238095238095238], [0.9375], [0.8868909512761021], [0.8290203327171903], [0.3142857142857143], [0.8029001074113856], [0.9], [0.8421052631578947], [0.7894736842105263], [0.9641214351425943], [0.9240506329113924], [0.7619047619047619], [0.9722222222222222], [0.5909090909090909], [0.9176470588235294], [0.4395327530920751], [0.967741935483871], [0.9798087141339001], [0.99], [0.9026548672566371], [0.9138443256090315], [0.8260869565217391], [0.7777777777777778], [0.9768518518518519], [0.7546636517806671], [0.8923076923076924], [0.9407407407407408], [0.9565610859728507], [0.9847826086956522], [0.8812572759022119], [0.9642401021711366], [0.144], [1.0], [0.9722222222222222], [1.0], [0.9765625], [0.8780359028511088], [0.2797144754316069], [0.9552238805970149], [0.9853300733496333]]
or_edge_weights_mean: [122.1398678414097, 126.57740585774059, 104.4064940402795, 80.66415337819154, 85.29229617087783, 106.8037472213401, 81.88977185337093, 89.96331236897275, 89.95524691358025, 85.03716095721734, 158.8148148148148, 137.51584022038568, 82.96017357108957, 81.62909940256769, 116.14814814814815, 83.29380211149369, 190.76685393258427, 65.98507462686567, 178.07721280602635, 84.50199914790417, 119.83063864187551, 92.44444444444444, 147.98403041825094, 147.72131147540983, 114.85421487603305, 106.68740999794281, 99.30546202768426, 84.91562841151294, 119.08960573476702, 111.6496136424194, 83.61632141880317, 193.45833333333334, 107.40506329113924, 90.09682980557417, 83.47945021489971, 135.68507890961263, 97.2030510257759, 84.47774577291737, 84.31438480096502, 82.91110740493663, 87.4882130646032, 53.411764705882355, 107.41935483870968, 128.6447852760736, 167.90812720848058, 104.34258889332801, 81.5954780585211, 116.06569343065694, 129.7857862903226, 91.53947099673202]
red_edge_weights_mean: [122.48004764740917, 127.18142651986597, 106.96110862762629, 81.21588122719933, 85.43746520386442, 108.18677685950414, 82.85354840464598, 90.10848287112562, 90.15447400241838, 84.90951730188456, 156.71698113207546, 138.23076923076923, 82.5077154984331, 80.99914960727318, 65.36507936507937, 82.35922953871975, 194.12171052631578, 66.13333333333334, 203.31380753138075, 84.61859791711225, 125.30523513753327, 88.73333333333333, 148.49876948318294, 107.0925925925926, 117.55367449018853, 78.69010776457586, 99.8361216730038, 84.86675320179994, 119.24264705882354, 113.05447470817121, 83.67579091358887, 192.89583333333334, 115.66666666666667, 89.66015971606033, 84.11755729758842, 143.46172441579373, 97.28356458862615, 84.50729800603632, 84.31908570027882, 83.24600151236285, 86.95697418038698, 55.55652173913043, 106.70967741935483, 128.3197969543147, 167.32155477031802, 104.63995093028011, 81.56085930668074, 109.87056010928961, 132.72178887155485, 91.60741196370905]
EDGE_WEIGHT: 90 - 110
graph: 15 - inf
or_cluster: [0, 1, 1, 0, 1, 0, 0, 1, 0, 1, 1, 1, 1, 0, 0, 1, 0, 0, 0, 0, 1, 0, 0, 1, 1, 1, 1, 0, 0, 0, 0, 1, 1, 1, 1, 1, 1, 0, 1, 1, 0, 0, 1, 1, 0, 0, 0, 1, 0, 1]
re_cluster: [0, 0, 0, 0, 0, 0, 0, 1, 0, 1, 1, 0, 1, 0, 0, 1, 0, 0, 0, 0, 1, 0, 0, 0, 1, 1, 0, 0, 0, 0, 0, 0, 1, 1, 1, 0, 1, 0, 1, 0, 0, 0, 0, 0, 0, 0, 0, 1, 0, 0]
jaccard_sim: [[0.8762376237623762], [0.9276595744680851], [0.8621713316369805], [0.9461172741679873], [0.8299758259468171], [0.20967274833478136], [0.6423631123919309], [0.9797077922077922], [0.8820058997050148], [0.9148732663797227], [0.9113924050632911], [0.21090803597331012], [0.9261777561923263], [0.5839813374805599], [0.6501831501831502], [0.5342667649226235], [0.9252747252747253], [0.7364341085271318], [0.8976744186046511], [0.8980891719745223], [0.8192066805845512], [0.20369025134389074], [0.9736408566721582], [0.6635765550239234], [0.9579288025889967], [0.9479166666666666], [0.9714611872146118], [0.9175475687103594], [0.9310344827586207], [0.9271523178807947], [0.3382591457920346], [0.8225160256410257], [0.9274116523400191], [0.9533333333333334], [0.9238993710691824], [0.5636594663278272], [0.9705882352941176], [0.21369021500658184], [0.5555555555555556], [0.6045333333333334], [0.3317435082140964], [0.6678660393025186], [0.8344855632370882], [0.5923242082662372], [0.45454545454545453], [0.966497461928934], [0.875], [0.0004836759371221282], [0.7292517006802721], [0.8574108818011257]]
or_edge_weights_mean: [48.32516258129065, 36.493082118423644, 34.3477503388829, 33.21443308422356, 33.35638541724686, 55.767808093755725, 34.94854514334617, 36.15508431935014, 37.086556763557766, 36.75508524528176, 36.39141592007214, 55.86133385487972, 35.809867272159536, 36.640012938702895, 34.600159711336545, 40.32609602469445, 34.03217784851047, 55.83616830796777, 42.85203290807202, 41.05857258649375, 32.98708303449891, 55.92017828200972, 34.354901839350966, 38.4276327002102, 36.15387278472318, 74.81323943661972, 34.135940759131884, 33.91470919508333, 33.43988900667207, 36.19733448421139, 52.903358681875794, 33.978522243151666, 37.06160046056419, 41.80073684710126, 40.94560775476316, 36.977370602096364, 34.80466395697336, 55.473416731821736, 46.179865692394166, 36.93386211832061, 55.684171899209005, 34.228, 35.55039337872627, 38.16466601339213, 345.8, 36.38262683679023, 38.52832494608195, 250.28571428571428, 33.06528079788931, 33.48062555487264]
red_edge_weights_mean: [51.62643391521197, 36.660016377577605, 34.69013210028838, 33.53817914831131, 35.640317687725656, 55.03759255743307, 37.10438119690804, 36.25920737849408, 37.43718274111675, 36.417827766968244, 35.86738516163813, 56.59198301035307, 35.96680475201358, 37.26600908702574, 36.05382676897811, 35.57707739722044, 34.15774137512375, 64.25847457627118, 45.67812758906379, 41.23574910931933, 33.5168526290303, 55.89923544403058, 34.08782414518606, 35.624416000884636, 36.04870299019299, 76.8646288209607, 33.80408573848853, 33.317595828797344, 32.90036683954507, 34.967202575973744, 37.78310387984981, 35.20541936699806, 37.04968637705339, 41.87200867275825, 41.27571935140357, 36.304915574173194, 34.481741115096185, 54.74400618716164, 37.55459646094087, 38.408721146302184, 36.61503966885133, 33.546201781549875, 35.262514750569494, 44.27230552167779, 552.3538461538461, 36.12756858245541, 39.86994998076183, 29.65780487804878, 32.430678571110654, 34.42169249106079]

graph: 15 - 510
or_cluster: [0, 1, 1, 0, 0, 1, 0, 1, 0, 1, 1, 0, 1, 0, 0, 0, 0, 0, 0, 0, 1, 0, 0, 1, 1, 1, 1, 0, 0, 0, 0, 0, 1, 1, 1, 0, 1, 1, 1, 1, 0, 1, 1, 0, 0, 0, 0, 1, 0, 1]
re_cluster: [0, 1, 0, 0, 1, 1, 0, 1, 0, 1, 1, 0, 1, 0, 0, 1, 0, 0, 0, 0, 0, 0, 0, 1, 1, 0, 0, 0, 0, 0, 0, 0, 0, 1, 1, 1, 1, 1, 1, 1, 0, 1, 1, 0, 0, 0, 0, 1, 1, 0]
jaccard_sim: [[0.8768472906403941], [0.9766949152542372], [0.8804114873553365], [0.9427662957074722], [0.8394622380387505], [0.21044211751018033], [0.748565965583174], [0.943089430894309], [0.8431952662721893], [0.9146045608927705], [0.9062003179650239], [0.2057151188219857], [0.9088705768298594], [0.5619242579324463], [0.6156648451730419], [0.6016070502851218], [0.9494505494505494], [0.8515625], [0.9162790697674419], [0.8726114649681529], [0.8067949242734344], [0.20506108202443282], [0.9490131578947368], [0.6345072506658774], [0.966908797417272], [0.9270833333333334], [0.9668571428571429], [0.9006342494714588], [0.9340659340659341], [0.9336650082918739], [0.30841774362556756], [0.8226720647773279], [0.9112662013958126], [0.9592908732764281], [0.9562130177514793], [0.5633416458852868], [0.9767726161369193], [0.19707923655292076], [0.5683937823834196], [0.5545084055017829], [0.3570899666790078], [0.5961848468565287], [0.8465909090909091], [0.5674902470741222], [0.8823529411764706], [0.9918533604887984], [0.8918032786885246], [0.0014478764478764478], [0.7094017094017094], [0.7214953271028037]]
or_edge_weights_mean: [48.112584438328746, 36.140377574875394, 34.21024514257758, 33.116018616167636, 34.056750290818904, 51.187914823008846, 36.128574520791744, 35.851461270991315, 36.90141026882241, 35.096395569187486, 35.525955670373285, 55.271388101983, 35.15515773153752, 31.700344871631113, 34.49027582636989, 32.96722009365688, 33.93505653745399, 55.465959988056134, 42.654302582145625, 40.850017067759005, 32.974022503516174, 55.0216441997342, 34.22693489247845, 31.4117079119874, 36.09404883786787, 74.10801873794433, 33.85451681053571, 33.70604671038575, 33.09866829360654, 35.88755026275466, 35.57710093100685, 33.43094375265045, 34.96728753357013, 40.59608810798829, 39.84828964226882, 33.93689413387486, 34.84233859116293, 50.99491408934708, 33.67470207960122, 35.737328210432985, 37.29167142693934, 33.64752748868113, 33.05529008591563, 37.02213914929883, 152.79310344827587, 36.034347922007775, 38.2336569579288, 47.89230769230769, 31.755898982823076, 33.39061838348792]
red_edge_weights_mean: [51.23995720260675, 36.48077351016957, 33.80068580188394, 33.231278330690174, 34.638381581503786, 53.515935508061496, 33.4364420535176, 35.012278731068676, 37.89045221983826, 35.70697229887006, 35.90866524180142, 51.368152031454784, 34.73537684169215, 35.99062450341649, 37.37048406902346, 45.5447479458139, 34.19451035375324, 60.03574101796407, 44.3637520085699, 41.6199050257222, 32.46289490448089, 54.84, 34.01659866838545, 31.6348572915763, 36.05867201568234, 75.06376360808709, 33.702352995349266, 33.88225366485468, 32.84111255062619, 34.98549506697817, 54.60826359832636, 34.607916807060136, 35.421799963772756, 40.30828942875262, 39.306638865022315, 40.23519758608825, 34.87866809990943, 54.663204462396614, 35.16456579144039, 32.704880405895146, 37.672898323483295, 35.195755276262744, 35.02791849768341, 39.46431586649406, 160.71794871794873, 36.10195572550736, 39.790573352377066, 29.789435425248364, 33.05996336445532, 34.458648089691955]

graph: 40 - 510
or_cluster: [0, 1, 1, 1, 1, 0, 1, 1, 0, 1, 1, 1, 1, 0, 0, 1, 0, 0, 0, 0, 1, 0, 1, 1, 1, 1, 1, 0, 1, 0, 0, 1, 1, 1, 1, 1, 1, 0, 1, 0, 1, 1, 1, 1, 1, 0, 0, 1, 1, 1]
re_cluster: [0, 0, 1, 0, 1, 0, 0, 1, 0, 1, 0, 0, 1, 1, 0, 0, 0, 0, 0, 0, 1, 0, 1, 1, 1, 1, 0, 0, 1, 0, 0, 1, 1, 1, 1, 1, 1, 0, 1, 0, 1, 1, 1, 0, 0, 0, 0, 0, 1, 1]
jaccard_sim: [[0.9090909090909091], [0.9195402298850575], [0.9527777777777777], [0.9663865546218487], [0.9629237288135594], [0.2842614204734912], [0.8433079434167573], [0.9272727272727272], [0.75], [0.9672131147540983], [0.970954356846473], [0.2738252812706817], [0.9285714285714286], [0.8215898825654924], [0.5283018867924528], [0.7851851851851852], [0.8148148148148148], [0.7619047619047619], [0.8974358974358975], [0.6949152542372882], [0.9498933901918977], [0.28768718801996673], [0.9622641509433962], [0.8818393480791619], [0.9639344262295082], [0.9130434782608695], [0.96875], [0.9743589743589743], [0.9689922480620154], [0.9306569343065694], [0.500123609394314], [0.9679203539823009], [0.9441707717569786], [0.9777777777777777], [0.9729166666666667], [0.8167641325536062], [0.9463414634146341], [0.2744248082694231], [0.7892030848329049], [0.8725590955806783], [0.5733222866611434], [0.8094575799721836], [0.9423459244532804], [0.8012646793134598], [0.0], [0.9663461538461539], [0.8909090909090909], [0.0], [0.9161473087818697], [0.9270833333333334]]
or_edge_weights_mean: [181.4240837696335, 127.2399593289273, 84.50486263466387, 102.1262908777969, 84.74737816162862, 116.68044515103338, 82.4228612065264, 87.93675194282149, 137.58223495702006, 85.28789595430298, 85.29663887441376, 117.67293485560779, 85.74573749586737, 83.30439898224817, 118.48525896414343, 84.66306349314601, 116.38448912597455, 192.01136363636363, 145.8020618556701, 149.4720600500417, 85.42495133421764, 117.23801953213717, 108.66755248471964, 83.34192904135338, 86.06875421924495, 196.21341463414635, 95.65088105726872, 119.83063864187551, 97.27633935841068, 88.81675181500404, 79.7960396039604, 86.60413859138946, 87.84243783122707, 91.61572320605998, 93.87572056274439, 81.27202941852448, 90.77063731581751, 116.84599589322382, 80.11384242957746, 81.44710789486909, 99.51344170053142, 84.47490676032878, 85.02090819993467, 80.58501204189459, 124.6842105263158, 92.0703594338662, 150.21862871927556, 77.45675549322114, 82.15125863221208, 109.63267514200703]
red_edge_weights_mean: [179.63225806451612, 131.17828200972448, 84.94151236653602, 101.94400557620818, 85.1604228225693, 117.94181899242086, 83.238635554733, 88.1341047503045, 153.76011846001975, 85.48357176919409, 85.46340253901084, 117.70371208691715, 85.0722869955157, 81.5664720672813, 145.72685185185185, 80.42081388983028, 126.48171045852654, 182.70526315789473, 148.77412280701753, 169.21099744245524, 84.97040241232007, 107.3958115183246, 109.57448654903095, 83.57623250371954, 86.42378513837437, 194.2109375, 95.91232940087902, 121.11847133757962, 98.43379228284888, 90.46026590119354, 98.76810004387889, 86.96853855338857, 85.5920580583322, 91.70220143960489, 94.43298289012574, 81.7548825744237, 91.51962685877898, 116.32557087949355, 84.9592618077242, 82.87697542052211, 98.0457734250191, 84.26358329591379, 85.58512037224358, 82.89500468512715, 0, 93.39861481086841, 152.04784688995215, 0, 82.31066902485405, 112.33314463628645]
EDGE_WEIGHT: 490 - 510
graph: 15 - inf
or_cluster: [0, 1, 0, 0, 0, 0, 0, 0, 0, 1, 0, 1, 0, 0, 0, 0, 1, 0, 0, 0, 0, 0, 0, 1, 0, 0, 0, 0, 0, 1, 0, 1, 1, 0, 0, 1, 1, 1, 0, 0, 0, 0, 0, 1, 0, 0, 0, 0, 0, 0]
re_cluster: [0, 1, 0, 0, 0, 0, 0, 0, 0, 0, 0, 0, 0, 0, 0, 0, 0, 0, 0, 0, 0, 0, 0, 1, 0, 0, 0, 0, 0, 1, 0, 0, 1, 0, 0, 1, 1, 1, 0, 0, 0, 0, 0, 1, 0, 0, 0, 0, 0, 0]
jaccard_sim: [[0.8864265927977839], [0.9476614699331849], [0.5231788079470199], [0.549433962264151], [0.34865263935031376], [0.5291656411518583], [0.3582089552238806], [0.5202702702702703], [0.5686125852918877], [0.7105719237435009], [0.6373333333333333], [0.8074352548036758], [0.4896551724137931], [0.2151009657594381], [0.6849103277674706], [0.21048798252002912], [0.6749496306245802], [0.3023255813953488], [0.5277018633540372], [0.32954545454545453], [0.5856452023415627], [0.7896174863387978], [0.5451572327044025], [0.8441747572815534], [0.20164430982258763], [0.5757653717519938], [0.5390684652583354], [0.6192170818505338], [0.806378132118451], [0.75], [0.2744110479285134], [0.20147420147420148], [0.7422066549912434], [0.3587842846553002], [0.625], [0.7034552163703455], [0.8959149412423055], [0.6060606060606061], [0.8926014319809069], [0.35038645564961357], [0.6896337678460583], [0.3063063063063063], [0.6075949367088608], [0.914975845410628], [0.9097080787508486], [0.40186915887850466], [0.43003128258602713], [0.8045977011494253], [0.20636998254799302], [0.30927835051546393]]
or_edge_weights_mean: [35.88021773776991, 39.03882838520797, 52.32574145914153, 38.06163328197226, 56.50948816155989, 33.16894614727073, 53.99247355573637, 59.97653791130186, 44.346829834370716, 35.45912289168868, 32.934550364712265, 35.89826389718829, 51.61479198767334, 54.796573454115794, 36.50518760923729, 54.088718929254306, 33.90124996573559, 71.10127624536847, 37.61739999375449, 78.93660803186194, 33.482999422076674, 36.05936314967656, 34.73941778611171, 34.98470065032293, 54.537249014824546, 33.218186090225565, 32.87122907746205, 38.98891605541972, 34.951960629388, 117.09814049586777, 54.73795101395839, 55.12698105914186, 33.92472420506165, 54.92734864300626, 53.14773293472845, 34.5188979237041, 39.39917959235996, 42.251285606979835, 34.82488992315548, 36.84894853821166, 35.8020281714298, 66.22422092728655, 84.8743757203227, 37.220722761309084, 37.86346936920953, 36.387303948080046, 36.53288406339698, 51.33641572017288, 56.80506398039749, 79.78098159509203]
red_edge_weights_mean: [35.55637203133826, 39.34465066455798, 63.7584605175846, 36.40906973132474, 36.44334491615047, 32.48252758043089, 82.64804469273743, 74.336969224776, 36.681391421816954, 33.7175204965852, 36.67301554617523, 36.25594458162152, 55.26988265971317, 55.826573161485975, 37.35509591482576, 54.48448641356716, 35.953351376314295, 129.43373493975903, 37.85488082485271, 118.38669064748201, 45.50785321751462, 38.9246340347667, 36.210816970546986, 37.13155046163642, 53.678979118329465, 37.25654480286738, 32.28360502606442, 45.23951494554723, 34.576996465011646, 128.45314685314685, 51.72322241681261, 56.15281196743041, 35.0733221241418, 53.32915949287838, 63.50900163666121, 34.88492285969393, 39.19448955591645, 51.71365305681573, 34.81153823875813, 35.21272453765153, 31.885454804811943, 82.15721231766612, 99.27754237288136, 37.15504854368932, 36.73943552311435, 48.093366819323386, 33.21428847267812, 58.480598596212424, 55.073216995447645, 129.6711409395973]

graph: 15 - 510
or_cluster: [0, 1, 0, 0, 0, 1, 0, 0, 0, 1, 0, 1, 0, 0, 0, 0, 1, 0, 0, 0, 0, 0, 0, 1, 0, 0, 0, 0, 0, 1, 0, 0, 1, 0, 0, 1, 1, 1, 0, 0, 0, 0, 0, 1, 0, 0, 0, 0, 0, 0]
re_cluster: [0, 1, 0, 0, 0, 0, 0, 0, 0, 1, 0, 1, 0, 0, 0, 0, 0, 0, 0, 0, 0, 0, 0, 1, 0, 0, 0, 0, 0, 1, 0, 0, 1, 0, 0, 1, 1, 1, 0, 0, 1, 0, 0, 0, 0, 0, 0, 0, 0, 0]
jaccard_sim: [[0.8967428967428968], [0.9246885617214043], [0.42483660130718953], [0.5728056823947235], [0.2899847998648877], [0.5051294577430386], [0.4338235294117647], [0.4697986577181208], [0.5497977755308392], [0.7765279340082489], [0.662962962962963], [0.7413079470198676], [0.4315068493150685], [0.20578404301700334], [0.7127261384903306], [0.21041879468845762], [0.7010457987738911], [0.38095238095238093], [0.5224319686197597], [0.39325842696629215], [0.513612056392805], [0.8801089918256131], [0.5407757334659373], [0.8403800475059382], [0.20928208846990573], [0.5508130081300813], [0.55], [0.6097560975609756], [0.7562642369020501], [0.7790697674418605], [0.32251235003528583], [0.21310757553641804], [0.7053324099722992], [0.3526596723725382], [0.4437869822485207], [0.716694214876033], [0.9032614704256495], [0.6165413533834586], [0.9053892215568863], [0.3418740849194729], [0.6513892867373245], [0.38392857142857145], [0.2962962962962963], [0.8826732673267327], [0.8670322138450994], [0.48742138364779874], [0.41837588949351195], [0.5875706214689266], [0.21104133197020594], [0.7471264367816092]]
or_edge_weights_mean: [35.16968397401891, 37.54093948241918, 52.057704343472274, 36.479575065143315, 37.666555332887995, 35.86267222625091, 53.79328585961343, 59.17662226042114, 33.779904009908655, 32.89215170859932, 32.54649407222236, 34.027127578744384, 52.20016531202645, 55.19651741293532, 36.75847044814895, 55.09332321699545, 33.30804521643231, 70.65636588380717, 32.075743672096046, 78.16112956810632, 35.30975222751129, 35.72310246812822, 39.69734356552539, 35.95421454761466, 50.28914844492734, 37.30846884597986, 32.20785412934173, 38.67238824401087, 34.829895510253245, 73.3738019169329, 35.53333333333333, 54.885189437428245, 32.6738495357649, 50.87139129702887, 52.14106463878327, 32.475899179146566, 38.11585487891414, 42.00849661869256, 34.79992836437544, 36.523809523809526, 34.521651385956005, 65.81875792141952, 83.54426481909161, 36.27866606825766, 36.70795334412437, 36.289645380480714, 32.816998139934185, 51.05596376446905, 54.60130970724191, 78.89250614250614]
red_edge_weights_mean: [35.587802971830236, 36.523567270000854, 66.49093511450381, 32.90397220963601, 44.80767099673706, 34.62977660855219, 74.45223289994347, 77.98029754724568, 35.859525876812164, 33.97312289213656, 34.94668196364954, 36.771391865850774, 62.27987254381306, 53.75178261707458, 33.63848924327343, 50.416526845637584, 32.87147429579778, 92.52857142857142, 34.254871990829194, 103.45536723163842, 34.09740310995343, 37.4739810713489, 36.88792544293859, 36.58043401789005, 56.456059204440336, 41.64883572752549, 38.75760946506219, 44.77722594112143, 34.318208901530056, 79.24528301886792, 50.8930963420917, 54.83183520599251, 33.9665965158424, 48.375719412282486, 70.64486888960829, 31.92823983130347, 38.58972662166733, 51.49655172413793, 34.832121765016566, 34.709936173883044, 33.401126165757525, 84.01472134595163, 114.5072765072765, 34.752414697936175, 36.02254466106534, 45.393270467209604, 32.337682403433476, 65.49104079298513, 54.55680473372781, 91.39384478144514]

graph: 40 - 510
or_cluster: [0, 1, 0, 1, 0, 1, 0, 0, 1, 1, 1, 1, 0, 0, 1, 0, 1, 0, 0, 0, 1, 0, 1, 1, 0, 0, 1, 0, 0, 1, 1, 1, 1, 0, 0, 1, 1, 1, 0, 0, 1, 0, 0, 1, 0, 0, 1, 0, 1, 0]
re_cluster: [0, 1, 0, 1, 0, 1, 0, 0, 0, 1, 1, 0, 0, 1, 0, 0, 1, 0, 0, 0, 1, 0, 1, 1, 0, 1, 0, 0, 0, 1, 0, 0, 1, 0, 0, 1, 0, 1, 0, 0, 1, 0, 0, 1, 0, 0, 1, 0, 0, 0]
jaccard_sim: [[0.8746594005449592], [0.9657794676806084], [0.45454545454545453], [0.8325837081459271], [0.4963072378138848], [0.7248186946011281], [0.2692307692307692], [0.6], [0.826868495742668], [0.8831168831168831], [0.8197582764056752], [0.9612403100775194], [0.25], [0.2702343360478644], [0.8938356164383562], [0.2735677728248308], [0.9010137149672034], [0.6956521739130435], [0.7989105764866091], [0.14705882352941177], [0.7852263023057217], [0.8723404255319149], [0.7888736890104879], [0.7883683360258481], [0.28474182301178813], [0.829744616925388], [0.8462296697880729], [0.47540983606557374], [0.6954022988505747], [0.9354838709677419], [0.39427217915590007], [0.2858819584171697], [0.6324637681159421], [0.5297894196199281], [0.23333333333333334], [0.915687276443536], [0.8660377358490566], [0.3076923076923077], [0.7929292929292929], [0.532107716209218], [0.8541176470588235], [0.4782608695652174], [0.08108108108108109], [0.9192439862542955], [0.7390029325513197], [0.48936170212765956], [0.6891798759476223], [0.6176470588235294], [0.27673374355562946], [0.17647058823529413]]
or_edge_weights_mean: [84.2838389409818, 90.81342939276715, 175.41176470588235, 81.36480057093014, 79.9469387755102, 84.50814730757638, 171.87037037037038, 182.37026239067055, 81.20130729634774, 82.78554677439033, 82.95450443571339, 87.09499528903176, 148.98969072164948, 116.10310218978103, 82.6142783843106, 110.90231844527787, 82.59855846665951, 145.9016393442623, 85.61924296516398, 218.875, 79.20248286084862, 119.2355460385439, 84.49127035447651, 87.69458165514096, 118.6014129443938, 81.11391596101613, 82.72184393601465, 137.65067466266868, 93.75085119166833, 120.51963746223565, 78.76222222222222, 116.06628701594533, 82.33935211157353, 98.87382451549595, 128.81012658227849, 81.72293704331858, 90.79851010996808, 161.59266409266408, 93.10414980927061, 110.76099689904675, 83.03412055086528, 134.34246575342465, 75.27272727272727, 84.41506373117033, 86.26137981619709, 162.37481910274963, 87.43055398210038, 199.3752808988764, 110.5492934051144, 121.0]
red_edge_weights_mean: [85.19584543995836, 91.20509125840537, 118.52941176470588, 80.52773548745321, 111.9485285356845, 84.76524801754682, 99.5, 186.52631578947367, 81.37289543815645, 81.95466261923143, 82.39866624156437, 86.62519936204147, 116.59420289855072, 117.42291049874744, 82.65598108883347, 116.61406285326701, 82.63246060474104, 95.8, 81.25318211771234, 71.77083333333333, 84.69107623406471, 123.47622852576907, 79.65697122984508, 84.51951042553863, 116.58404494382023, 81.35868115423403, 82.31137120532856, 154.46633416458852, 101.33507758931793, 115.8993288590604, 100.9966178128523, 115.21314139772464, 84.16717504830956, 92.46066190502154, 100.84313725490196, 81.51182105370427, 90.42544859933732, 184.8203125, 99.26702997275204, 94.96908121244853, 83.65798124749871, 94.33333333333333, 62.041666666666664, 83.77240599378004, 87.07582305834498, 163.00934579439252, 90.70792877225867, 208.6931216931217, 115.54401287060446, 50.53846153846154]

c = 0.002
EDGE_WEIGHT: 40 - 60
graph: 15 - inf
or_cluster: [0, 0, 0, 0, 1, 0, 1, 1, 0, 0, 1, 0, 1, 1, 0, 1, 0, 0, 0, 1, 0, 0, 0, 0, 0, 1, 0, 0, 0, 0, 0, 0, 0, 0, 1, 1, 0, 0, 0, 1, 0, 0, 1, 0, 0, 1, 0, 0, 0, 1]
re_cluster: [0, 0, 0, 0, 1, 0, 1, 1, 0, 0, 1, 0, 0, 0, 0, 0, 0, 0, 0, 1, 0, 0, 0, 0, 0, 1, 0, 0, 0, 0, 1, 0, 0, 0, 0, 1, 0, 0, 0, 0, 1, 0, 1, 0, 0, 0, 0, 0, 0, 1]
jaccard_sim: [[0.963855421686747], [0.9465020576131687], [0.9249146757679181], [0.6630221474628539], [0.9921875], [0.9857142857142858], [0.884125144843569], [0.9791666666666666], [0.9800362976406534], [0.9948519948519948], [0.9452054794520548], [0.9647058823529412], [0.8592503987240829], [0.6486868116351313], [0.7666666666666667], [0.8064056939501779], [0.8611111111111112], [0.8717948717948718], [0.9389312977099237], [0.9916398713826367], [0.95], [0.8431372549019608], [0.9723756906077348], [0.8048780487804879], [0.8652482269503546], [0.4176230305388057], [0.9522613065326633], [0.9874851013110846], [0.9653179190751445], [0.9803149606299213], [0.8026360256843528], [0.9882352941176471], [0.8372093023255814], [0.9609929078014184], [0.7671673819742489], [0.9933774834437086], [0.9655172413793104], [0.9974226804123711], [0.9804727646454265], [0.8356164383561644], [0.9818731117824774], [0.5714285714285714], [0.8260869565217391], [0.9601990049751243], [0.7578947368421053], [0.9487179487179487], [0.7509765625], [0.21264962317127234], [0.9528301886792453], [0.9943566591422122]]
or_edge_weights_mean: [24.262985626867795, 22.484591070723035, 22.411975875933372, 32.07132899628253, 24.716812578166873, 23.986934532171958, 32.482516671498985, 25.810458682848473, 24.145446375074894, 27.2338220050348, 31.452156334231805, 27.013067552602436, 32.8736770228747, 32.5005236820668, 43.06217616580311, 34.07552258934592, 25.983627746660922, 42.31818181818182, 27.066223067173638, 27.245476119845744, 22.046741633924942, 41.92821368948247, 25.880139087748006, 34.65836298932384, 21.999567598731623, 38.47072901325479, 20.76274678111588, 28.504450625869264, 22.608098591549297, 24.273282848412382, 35.16282415433989, 38.096542726679715, 34.03619047619048, 22.333646364368125, 38.49201517117477, 25.998292058070025, 22.319416676467128, 27.231828275351592, 25.429296235679214, 30.791327183354657, 27.200744647843624, 102.15322580645162, 38.047694753577105, 27.827782462057336, 28.45286195286195, 22.35287846481876, 33.45544181845552, 52.894200789856576, 22.353010229750126, 31.55195868497292]
red_edge_weights_mean: [24.377525803169064, 22.639393372027712, 22.636339237788512, 36.26229005291817, 24.70609254958013, 24.047016534867, 33.440957839187426, 25.563385146804837, 24.158490566037734, 27.207066189624328, 31.851381628080656, 27.210296483566996, 30.239293451091484, 31.82258805010822, 46.41237113402062, 31.09169381107492, 26.144684605205118, 36.40860215053763, 27.082973473164714, 27.228874290833083, 22.102829537612145, 44.325878594249204, 25.958684654300168, 36.11764705882353, 22.27982368832646, 40.16274012323306, 20.66113660430639, 28.492119335772585, 22.610416666666666, 24.25795485450095, 39.30313343938441, 38.26329966329966, 34.52350427350427, 22.27809657102869, 31.374828814023555, 25.986245433053945, 22.403454231433507, 27.232782983787, 25.38017071569271, 33.14339450587028, 27.132486672938224, 142.71818181818182, 38.78764478764479, 28.106555530524894, 29.247651006711408, 22.377139287945035, 30.8791280299333, 53.21479374110953, 22.527301365068254, 31.56774845308751]

graph: 15 - 510
or_cluster: [0, 0, 0, 0, 1, 0, 1, 1, 0, 0, 1, 0, 1, 0, 0, 1, 0, 0, 0, 1, 0, 0, 0, 0, 0, 0, 0, 0, 0, 0, 0, 0, 0, 0, 1, 1, 0, 0, 0, 1, 0, 0, 1, 0, 0, 1, 0, 0, 0, 1]
re_cluster: [0, 0, 0, 0, 1, 0, 1, 1, 0, 0, 0, 0, 1, 1, 0, 1, 0, 0, 0, 1, 0, 0, 0, 0, 0, 0, 0, 1, 0, 0, 1, 0, 0, 0, 1, 1, 0, 0, 0, 1, 0, 0, 1, 0, 0, 0, 0, 0, 0, 1]
jaccard_sim: [[0.9598393574297188], [0.9625], [0.9381443298969072], [0.6656942823803967], [0.9947916666666666], [0.975], [0.8767281105990783], [0.9763231197771588], [0.9819168173598554], [0.9877813504823151], [0.8378378378378378], [0.9248554913294798], [0.8699763593380615], [0.6501556750636852], [0.8214285714285714], [0.8139781150723615], [0.8532110091743119], [0.9473684210526315], [0.9384615384615385], [0.9890675241157556], [0.9613899613899614], [0.7090909090909091], [0.9613259668508287], [0.6904761904761905], [0.9316546762589928], [0.4087890625], [0.9622166246851386], [0.9940440738534843], [0.9766763848396501], [0.9568627450980393], [0.7831155068880254], [0.9764705882352941], [0.8372093023255814], [0.9875], [0.7498265093684942], [0.9867549668874173], [0.9289772727272727], [0.9858338699291693], [0.9723076923076923], [0.8152709359605911], [0.9848714069591528], [0.5454545454545454], [0.9130434782608695], [0.9850746268656716], [0.8260869565217391], [0.954983922829582], [0.7631750162654521], [0.23176927674835623], [1.0], [0.9932203389830508]]
or_edge_weights_mean: [24.262985626867795, 22.484686820786404, 22.420951333516633, 30.649040139616055, 24.715434083601288, 23.986934532171958, 31.998760029175784, 25.198272823405006, 23.721586688456394, 27.27963571215288, 31.452156334231805, 27.013067552602436, 30.113280790495235, 31.023150762281198, 43.06217616580311, 34.736370793150954, 25.983627746660922, 39.51269035532995, 26.309229305423408, 27.261762954139368, 22.06520864081578, 41.77446102819237, 25.76324052752774, 34.65836298932384, 21.89878892733564, 35.86841628959276, 20.764554353426067, 28.21382771117926, 22.607111424045062, 23.821510918215107, 32.81865190964347, 36.92091503267974, 34.03619047619048, 22.328860861398095, 37.81404474341334, 25.998292058070025, 22.287901990811637, 27.26112847997618, 25.42773306505701, 34.92429364117609, 27.16375, 97.3821138211382, 38.047694753577105, 27.843924431086304, 28.45286195286195, 22.269394828045854, 34.7043218886844, 52.29644921552436, 22.353010229750126, 26.899712032052086]
red_edge_weights_mean: [24.37809135874309, 22.61303116147309, 22.450381679389313, 30.666765578635015, 24.667084078711987, 24.069086139046785, 32.34880974872473, 25.087264150943398, 23.697090533156107, 27.146171003717473, 32.689068100358426, 27.528, 33.40169556840077, 37.334659656103454, 43.23270440251572, 34.06084671199223, 26.26752688172043, 39.108374384236456, 26.41091492776886, 27.18791747068428, 22.14946815858544, 45.85632183908046, 25.962759204401184, 36.14320388349515, 21.953537338573835, 36.26097470238095, 20.65392633773454, 28.179594106199612, 22.52002926650814, 23.911138579865405, 30.09022931206381, 37.34497206703911, 35.14767932489451, 22.34263649911936, 39.15685650652243, 25.99407504937459, 22.572060826146163, 27.225067385444746, 25.260022909507445, 33.71473960491781, 27.083451424972445, 119.41176470588235, 38.32504780114723, 27.82750431778929, 29.113300492610836, 22.30255378034973, 33.57723793677204, 52.06658317678981, 22.353840981677592, 26.90135883241067]

graph: 40 - 510
or_cluster: [0, 1, 1, 1, 1, 0, 1, 1, 1, 1, 1, 1, 1, 1, 1, 1, 1, 1, 0, 1, 0, 1, 0, 1, 0, 0, 1, 1, 0, 1, 1, 1, 1, 1, 1, 1, 1, 0, 1, 1, 1, 1, 1, 1, 1, 1, 1, 0, 0, 1]
re_cluster: [0, 0, 1, 0, 0, 0, 0, 0, 0, 0, 1, 0, 0, 1, 0, 0, 0, 1, 0, 1, 0, 1, 0, 0, 0, 1, 0, 0, 0, 0, 0, 0, 1, 0, 1, 0, 0, 0, 0, 1, 0, 0, 0, 0, 0, 1, 1, 0, 0, 1]
jaccard_sim: [[0.9555555555555556], [0.9090909090909091], [0.9591836734693877], [0.9810486418193304], [0.9602649006622517], [0.9473684210526315], [0.9846153846153847], [0.9864253393665159], [0.9873417721518988], [0.9840142095914742], [1.0], [0.85], [0.9935567010309279], [0.9829867674858223], [0.4074074074074074], [0.9815175097276264], [0.8421052631578947], [1.0], [0.8823529411764706], [0.9857904085257548], [0.8], [0.9411764705882353], [0.9722222222222222], [0.7142857142857143], [0.8378378378378378], [0.6226469736461049], [0.9047619047619048], [0.976878612716763], [0.9272727272727272], [0.859375], [0.9756326148078726], [0.75], [0.8333333333333334], [0.957983193277311], [0.7070707070707071], [0.8181818181818182], [0.8607594936708861], [0.9823321554770318], [0.9862542955326461], [0.994157740993184], [0.9796380090497737], [0.27631578947368424], [0.5454545454545454], [0.8431372549019608], [0.8333333333333334], [0.9041095890410958], [0.9887005649717514], [0.290138000673174], [0.84], [0.9806201550387597]]
or_edge_weights_mean: [83.11652542372882, 75.42577030812325, 70.28, 81.74920472036942, 58.16524908869988, 78.28633405639913, 65.46594134342479, 61.286131386861314, 62.72386363636364, 66.16268166901078, 158.8148148148148, 98.29545454545455, 65.53266571292322, 81.66155575999183, 126.93181818181819, 73.6830985915493, 145.9206349206349, 58.72727272727273, 108.85964912280701, 66.16268166901078, 75.16459627329192, 87.46428571428571, 91.64341085271317, 144.40298507462686, 65.61971830985915, 107.43753997015561, 66.80050188205772, 64.08447488584476, 72.7737843551797, 76.79520697167756, 79.15945611866502, 196.64893617021278, 107.40506329113924, 62.751937984496124, 79.17944595597329, 92.97336561743342, 69.95102040816326, 65.889091738932, 59.034617896799475, 73.669558101473, 63.47216035634744, 53.88326848249027, 104.70769230769231, 91.06929347826087, 92.6923076923077, 71.8416588124411, 80.82611369226565, 107.82692979392246, 69.55665024630542, 71.76390644753477]
red_edge_weights_mean: [85.03720930232558, 75.87333333333333, 71.1124546553809, 81.80627705627705, 58.159375, 79.61031175059952, 65.95448079658605, 61.285714285714285, 62.76672587329781, 65.6591743119266, 158.320987654321, 100.61200923787528, 65.55316091954023, 81.80263361735089, 68.33333333333333, 73.87577945520184, 144.30088495575222, 58.07142857142857, 114.59130434782608, 65.765617875057, 79.32438016528926, 87.79166666666667, 90.23109243697479, 122.53448275862068, 65.69867549668874, 78.87934186471664, 67.06359102244389, 64.03719008264463, 76.48140043763676, 78.6243213897937, 79.16702194357367, 191.18840579710144, 117.48314606741573, 63.45058742225294, 71.56498388829216, 98.58741258741259, 68.68436578171091, 65.18004338394793, 59.01420079260238, 73.65195357201243, 63.39842283139316, 90.67073170731707, 90.35, 93.2359375, 97.85, 73.76024411508283, 80.6278342455043, 114.40234466588511, 72.85308056872037, 72.24524552937837]
EDGE_WEIGHT: 90 - 110
graph: 15 - inf
or_cluster: [0, 0, 0, 0, 0, 1, 0, 0, 0, 0, 0, 0, 0, 0, 0, 0, 0, 0, 0, 0, 0, 0, 0, 1, 0, 1, 0, 0, 0, 0, 0, 0, 0, 0, 0, 0, 0, 0, 0, 1, 0, 0, 1, 0, 0, 0, 0, 1, 0, 1]
re_cluster: [0, 0, 0, 0, 0, 0, 0, 0, 0, 0, 0, 0, 0, 0, 0, 0, 0, 0, 0, 0, 0, 0, 0, 0, 0, 1, 0, 0, 0, 0, 1, 0, 0, 0, 0, 0, 0, 0, 0, 0, 0, 0, 1, 0, 0, 0, 0, 0, 0, 0]
jaccard_sim: [[0.8849557522123894], [0.9301470588235294], [0.9845559845559846], [0.9450867052023122], [0.9678953626634959], [0.22428656361474436], [0.8350144092219021], [0.9567099567099567], [0.8051282051282052], [0.9613899613899614], [0.9878787878787879], [0.23081516870707675], [0.9549618320610687], [0.6403207331042382], [0.5120481927710844], [0.6809974204643164], [0.879245283018868], [0.7936507936507936], [0.9159663865546218], [0.8579234972677595], [0.9497369959088252], [0.2143592761512432], [0.9283489096573209], [0.7737150741635046], [0.9305949008498584], [0.9111111111111111], [0.9458333333333333], [0.8783269961977186], [0.8728323699421965], [0.9184861717612809], [0.38977760436987907], [0.9850388988629563], [0.9791499599037691], [0.949438202247191], [0.9412997903563941], [0.6810565180346493], [0.9623893805309734], [0.21394054766437254], [0.6969072164948453], [0.776794182737907], [0.39541984732824426], [0.8679245283018868], [0.9876160990712074], [0.7885895404120443], [0.5652173913043478], [0.9522935779816514], [0.8284023668639053], [0.0], [0.89942145082332], [0.7442622950819672]]
or_edge_weights_mean: [29.007797270955166, 23.85623430962343, 27.329275623685003, 21.601447368421052, 28.52180576842692, 52.45281439631722, 34.691954022988504, 24.418265150229164, 24.414807502467916, 26.946255366512958, 24.713447171824974, 51.902085036794766, 26.038898397386028, 31.020252324037184, 21.994006592747976, 31.645030782761655, 22.406991260923846, 32.0452380952381, 28.687534626038783, 25.783000949667617, 27.806721411192214, 52.06553740673523, 22.411299621149727, 38.74691562474124, 23.486063072227875, 37.5121107266436, 21.151302124940088, 22.046741633924942, 21.569661995053586, 23.837465137898977, 56.55388583604351, 27.625074537865235, 26.557617681795175, 31.515859140859142, 26.605697362854322, 36.84822018348624, 22.474374743747436, 51.92072667217176, 31.14590428392185, 30.571381086920393, 57.793407065392465, 37.44479879936216, 27.498614532019705, 30.364208633093526, 345.8, 22.739525139664803, 24.86508474576271, 263.6060606060606, 36.86947518743306, 21.910461397898583]
red_edge_weights_mean: [29.298614215467143, 23.71288857841425, 27.162352237019302, 21.70684174153421, 28.381046119235094, 51.908125, 31.082397622192868, 24.34180602006689, 25.30750334970969, 26.84459036898061, 24.68554131054131, 51.746193952033366, 25.8890625, 38.82728917842925, 23.740022805017105, 33.20288912024987, 22.660748331744518, 33.42584269662921, 29.544527736131933, 26.249006951340615, 27.39985196150999, 53.066918824556296, 22.290607912512062, 32.96158397097105, 23.310371667639618, 41.73434856175973, 21.127729436874077, 22.425698324022346, 21.806939625260235, 23.6252726706139, 37.81406020558003, 27.579887929728912, 26.566178972439605, 31.479919929938696, 26.291096394407653, 38.22932604735883, 22.453225585536227, 54.619968114786765, 31.636848115721357, 32.52758499000117, 37.4643486432515, 30.267072720561092, 27.577427411801438, 30.831757703081234, 292.3263157894737, 22.69012567324955, 25.5136449608214, 0, 32.88399545970488, 22.383868118928465]

graph: 15 - 510
or_cluster: [0, 0, 0, 0, 0, 1, 0, 0, 0, 0, 0, 0, 0, 0, 0, 0, 0, 0, 0, 0, 0, 0, 0, 0, 0, 1, 0, 0, 0, 0, 0, 0, 0, 0, 0, 1, 0, 1, 1, 1, 0, 0, 1, 0, 0, 0, 0, 1, 0, 1]
re_cluster: [0, 0, 0, 0, 0, 1, 0, 0, 0, 0, 0, 1, 0, 0, 0, 0, 0, 0, 0, 0, 0, 0, 0, 1, 0, 1, 0, 0, 0, 0, 0, 0, 0, 0, 0, 1, 0, 0, 0, 0, 1, 0, 0, 0, 0, 0, 0, 1, 0, 0]
jaccard_sim: [[0.8157894736842105], [0.9739776951672863], [0.9909851899549259], [0.9221902017291066], [0.9797739440809042], [0.21963862559241706], [0.8460725607608313], [0.9141630901287554], [0.8186528497409327], [0.9567901234567902], [0.9844020797227037], [0.2160283897678545], [0.948051948051948], [0.7019946412622804], [0.4819277108433735], [0.6688837478311163], [0.8977272727272727], [0.9047619047619048], [0.8442622950819673], [0.9010989010989011], [0.9694656488549618], [0.2220251293422025], [0.9376947040498442], [0.8102012491325469], [0.9614285714285714], [0.7755102040816326], [0.9580712788259959], [0.8801498127340824], [0.8757225433526011], [0.9005763688760807], [0.39031945788964184], [0.9772727272727273], [0.9670947030497592], [0.9573033707865168], [0.9382198952879581], [0.6373842267751895], [0.9690949227373068], [0.2264540891644523], [0.6847319347319347], [0.6895820714718353], [0.4216725559481743], [0.686804929365795], [0.9833024118738405], [0.6933891714029315], [0.43478260869565216], [0.9430147058823529], [0.8630952380952381], [0.0004841442749939482], [0.8734912829682611], [0.6153846153846154]]
or_edge_weights_mean: [29.01170046801872, 23.807866108786612, 27.20823494687131, 21.601447368421052, 28.158440481128164, 52.209172027391574, 37.62889563688669, 24.348056839582263, 24.414807502467916, 26.66640152720331, 24.717247542448614, 52.03690575479566, 25.930261519302615, 30.816050026055237, 22.005791800030483, 31.912236072246248, 22.406991260923846, 31.502665651180504, 28.687534626038783, 25.783000949667617, 27.64113087095303, 52.344228382292094, 22.411299621149727, 33.14903790087464, 23.426629348260697, 37.5121107266436, 21.039309683604987, 22.046741633924942, 21.475810885101705, 23.731132806446613, 52.42842853967549, 27.31245383365342, 26.504613807245388, 26.873227278332717, 26.18088256027069, 36.79542771278309, 22.435340172786177, 52.52975472456775, 38.750443524541694, 39.25141889030072, 36.26980290070658, 33.09776670951157, 27.356147603736026, 31.984628842789302, 152.79310344827587, 22.53644366197183, 24.866862567811935, 47.89230769230769, 36.408114461738, 21.87115711416654]
red_edge_weights_mean: [29.45767441860465, 23.54842032967033, 27.18492641593578, 21.685663032979164, 28.161766754911522, 51.4045106559073, 35.657923182244, 24.173766058147397, 25.186375899280577, 26.64181447182546, 24.654535675869486, 52.50518027351844, 25.847873671044404, 30.466677971850093, 23.955520433506436, 34.05023835716905, 22.65248060192805, 32.11940298507463, 30.37114636336426, 26.396997929606624, 27.54016704631739, 53.8710139002453, 22.371077321255257, 39.06550186417136, 23.18005259963585, 43.17301587301587, 21.029613518487537, 22.315494880546076, 21.710414670863557, 23.407706093189965, 37.805183199285075, 27.353740458015267, 26.27209098862642, 26.89021657953697, 25.949309432853365, 32.33980921358771, 22.547527997814804, 52.04105748047266, 31.300823192555477, 30.243172526574, 36.43670649738611, 37.227524366471734, 27.32221700328793, 32.80161759948237, 118.73214285714286, 22.431190994916484, 25.089598352214214, 29.66495851634944, 29.23128801904258, 22.817590635668996]

graph: 40 - 510
or_cluster: [0, 1, 1, 0, 0, 1, 1, 1, 0, 1, 1, 1, 0, 0, 0, 1, 0, 0, 0, 0, 1, 0, 0, 1, 1, 1, 0, 0, 0, 0, 1, 0, 0, 1, 0, 1, 1, 0, 1, 1, 1, 1, 1, 1, 1, 0, 0, 1, 0, 1]
re_cluster: [0, 0, 0, 0, 0, 0, 0, 1, 0, 1, 1, 0, 0, 0, 0, 0, 0, 0, 0, 0, 0, 0, 0, 0, 0, 1, 0, 0, 0, 0, 0, 0, 0, 0, 0, 0, 0, 0, 0, 0, 0, 0, 0, 0, 0, 0, 0, 1, 0, 1]
jaccard_sim: [[0.65], [0.9230769230769231], [0.9751332149200711], [0.8888888888888888], [0.9517374517374517], [0.28361449807917155], [0.9718719689621726], [0.9177215189873418], [0.6341463414634146], [0.9919137466307277], [0.9832775919732442], [0.29120786040996105], [0.9584487534626038], [0.9348513598987982], [0.35714285714285715], [0.8883388338833883], [0.6666666666666666], [0.6666666666666666], [0.9565217391304348], [0.8235294117647058], [0.9713740458015268], [0.2817540322580645], [0.9629629629629629], [0.9774859287054409], [0.9639175257731959], [0.8888888888888888], [0.9493670886075949], [0.5813953488372093], [0.8695652173913043], [0.8650306748466258], [0.6511834319526627], [0.988], [0.948509485094851], [0.9764705882352941], [0.9697986577181208], [0.9817265280403277], [0.9210526315789473], [0.3049863387978142], [0.9258630447085455], [0.9868421052631579], [0.6742013261000602], [0.9515527950310559], [0.9573283858998145], [0.9762195121951219], [0.0], [0.9767441860465116], [0.8787878787878788], [0.9988320485867788], [0.965194109772423], [0.7555555555555555]]
or_edge_weights_mean: [103.92391304347827, 85.52182952182952, 66.16268166901078, 71.27733026467203, 64.08447488584476, 106.94539007092199, 73.5982668410726, 57.77005826983415, 79.50464396284829, 58.56667970277669, 58.137607505863954, 115.40532893185569, 59.32140165787491, 81.75437429653125, 75.29906542056075, 75.67479489516865, 73.15328467153284, 182.67605633802816, 107.28248587570621, 95.75498575498575, 62.02039117769455, 115.83857142857143, 71.3001443001443, 79.20345679012345, 61.80475026196297, 164.3548387096774, 62.932203389830505, 75.26479750778816, 66.67244224422443, 61.52015461071231, 78.6820305200872, 61.752864972595916, 59.680566182096406, 71.49953488372093, 66.76748704663213, 81.72919330912067, 64.46065989847716, 114.41029272898962, 80.85772980928435, 84.42988920108148, 80.38104838709677, 81.6745251017639, 60.94980879541109, 81.64441203478637, 120.6875, 62.05133614627285, 84.35955056179775, 77.45675549322114, 67.38631143775838, 71.65306122448979]
red_edge_weights_mean: [121.425, 87.20175438596492, 65.66867749419954, 71.85733512786003, 63.33097595473833, 115.4024876789486, 73.84351395730707, 57.45281173594132, 87.32828282828282, 58.46284584980237, 58.15862632869992, 115.84508697696286, 59.1859410430839, 82.51232779518713, 100.17030567685589, 81.33968746536628, 76.95581395348837, 190.0185185185185, 108.89308176100629, 99.82372881355933, 62.01469952442715, 115.31665129151291, 72.23361823361823, 79.04115071919949, 62.05241935483871, 173.1086956521739, 63.52309058614565, 88.15590200445435, 66.15660184237461, 62.20453190220632, 112.18193955577134, 61.43080020130851, 59.72138450993831, 71.82743658210948, 65.80395442359249, 81.81675770380295, 65.69589905362776, 114.51773888363293, 80.81848102837981, 84.3369233242244, 83.4386186034787, 82.51454452666496, 60.55224609375, 81.54151549704571, 0, 62.246504782928625, 85.25842696629213, 77.51461304652794, 67.1952135147818, 73.03782505910165]
EDGE_WEIGHT: 490 - 510
graph: 15 - inf
or_cluster: [0, 0, 0, 0, 0, 0, 0, 0, 0, 0, 0, 0, 0, 0, 0, 0, 1, 0, 0, 0, 0, 0, 0, 0, 0, 0, 0, 0, 0, 1, 0, 0, 0, 0, 0, 0, 0, 1, 0, 0, 0, 0, 0, 0, 0, 0, 0, 0, 0, 0]
re_cluster: [0, 0, 0, 0, 0, 0, 0, 0, 0, 0, 0, 0, 0, 0, 0, 0, 1, 0, 0, 0, 0, 0, 0, 0, 0, 0, 0, 0, 0, 1, 0, 0, 0, 0, 0, 0, 0, 1, 0, 0, 0, 0, 0, 0, 0, 0, 0, 0, 0, 0]
jaccard_sim: [[0.7918170878459687], [0.9711895910780669], [0.4935064935064935], [0.6454239191465468], [0.3828516377649326], [0.6209386281588448], [0.4868421052631579], [0.3780487804878049], [0.6679786336800675], [0.8980064904960593], [0.7826714801444044], [0.9585908529048207], [0.40963855421686746], [0.22174365067577603], [0.7906720528828498], [0.22291113079421318], [0.9128521126760564], [0.46511627906976744], [0.6091107474086197], [0.4], [0.6166481069042317], [0.6529680365296804], [0.6534512264689104], [0.8018720748829953], [0.22217288336293664], [0.7070588235294117], [0.732824427480916], [0.5477707006369427], [0.6208251473477406], [0.819672131147541], [0.3967943706020328], [0.2268545994065282], [0.7184684684684685], [0.4004320502749411], [0.5116279069767442], [0.91553480475382], [0.8658088235294118], [0.5072463768115942], [0.8446389496717724], [0.37793156478277584], [0.803633822501747], [0.5166666666666667], [0.28125], [0.8978451715881883], [0.870023419203747], [0.5208333333333334], [0.4773179907059084], [0.66], [0.2241761489581794], [0.13513513513513514]]
or_edge_weights_mean: [24.233630172865375, 33.19796269023073, 28.662532637075717, 31.743945259746106, 36.7680204903037, 33.18448089401586, 32.44907063197026, 33.96776359973136, 31.184222929185815, 30.390608160123172, 33.73754338819841, 28.842800122812402, 30.84191616766467, 51.55513468013468, 31.77532753923985, 52.46741854636591, 36.806373551465576, 39.05335968379447, 33.20307011838168, 35.36065573770492, 31.658019990480724, 24.103307254623044, 30.852394435553368, 26.538875799394145, 52.704929988331386, 30.05132591958939, 38.489718471450004, 25.679511533242877, 21.887149028077754, 135.59862778730704, 38.7732547430466, 51.89363017934446, 32.93764705882353, 58.517138763363825, 28.215120810600155, 34.126007368178676, 33.20169408298551, 26.28771551724138, 22.329814846859318, 36.50642384932019, 32.59637751393264, 31.50307692307692, 39.19246861924686, 26.253353204172875, 24.15547263681592, 23.742317173377156, 54.32018415820864, 33.063665302410186, 51.90837417430215, 34.89419795221843]
red_edge_weights_mean: [23.64019536903039, 33.042519102785306, 32.56413612565445, 33.13268070972817, 57.33394853978938, 33.534686172722985, 38.023529411764706, 39.19672131147541, 29.86258190189481, 29.865275433481663, 30.760277536860364, 28.652153558052433, 37.124457308248914, 52.42871815940838, 30.292642140468228, 53.21559896581442, 35.33139240506329, 56.00833333333333, 31.308823529411764, 49.5, 32.03431034482759, 24.97191150882426, 38.0770092261746, 25.36461078896503, 51.967247097844115, 30.32882388787325, 32.849065249266864, 27.963534361851334, 21.418507787033683, 148.41894736842104, 38.117691014384455, 51.4782069820285, 28.35038325471698, 38.73822088202036, 30.21553090332805, 31.63760560848463, 33.25461588121369, 29.24417731029301, 21.87205111402359, 38.2092346846028, 35.228410436486875, 41.36, 63.99324324324324, 26.039277024678483, 23.760439194809514, 26.028782677581198, 31.756041802743304, 35.72076677316294, 51.7143432715552, 72.6470588235294]

graph: 15 - 510
or_cluster: [0, 0, 0, 0, 0, 0, 0, 0, 0, 0, 0, 0, 0, 0, 0, 0, 0, 0, 0, 0, 0, 0, 0, 0, 0, 0, 0, 0, 0, 1, 0, 0, 0, 0, 0, 0, 0, 1, 0, 0, 0, 0, 0, 0, 0, 0, 0, 0, 0, 0]
re_cluster: [0, 0, 0, 0, 0, 0, 0, 0, 0, 0, 0, 0, 0, 0, 0, 0, 1, 0, 0, 0, 0, 0, 0, 0, 0, 0, 0, 0, 0, 1, 0, 0, 0, 0, 0, 0, 0, 1, 0, 0, 0, 0, 0, 0, 0, 0, 0, 0, 0, 0]
jaccard_sim: [[0.8531553398058253], [0.9516279069767442], [0.2891566265060241], [0.7019148328093741], [0.3946144905075552], [0.6833477135461605], [0.4605263157894737], [0.43209876543209874], [0.6812680115273775], [0.8954607977991746], [0.804530507855316], [0.8372799028536734], [0.4125], [0.2014914461178535], [0.8256649892163911], [0.220201123927832], [0.8254177660510115], [0.22727272727272727], [0.7281722933643772], [0.425], [0.6297335203366059], [0.7534246575342466], [0.6980697205416306], [0.9015748031496063], [0.21828689982216953], [0.6514173449340444], [0.64652918966018], [0.4662576687116564], [0.8195020746887967], [0.8983050847457628], [0.42144394443357464], [0.22261957979436744], [0.8906394810009268], [0.3802003081664099], [0.2696629213483146], [0.8930093776641091], [0.7901907356948229], [0.5703125], [0.8362445414847162], [0.3901869158878505], [0.7972027972027972], [0.44642857142857145], [0.24324324324324326], [0.9113418530351438], [0.943127962085308], [0.36318407960199006], [0.4871909111160615], [0.6363636363636364], [0.2232434034983694], [0.2702702702702703]]
or_edge_weights_mean: [24.11528384279476, 28.573126364297842, 28.683355886332883, 31.163838812301165, 51.539541918755404, 32.86851938346567, 32.44907063197026, 33.72061786433848, 32.69672567043987, 32.49051047120419, 34.0650171573054, 28.460151515151516, 30.84191616766467, 47.61275071633238, 30.596122515477354, 52.37208818635607, 29.908964665946613, 39.05335968379447, 30.68967851099831, 35.36065573770492, 33.149910554561714, 24.051920341394027, 30.174468820176195, 26.425155750126283, 51.5152687296417, 30.33055120848548, 39.64123503747623, 25.586993243243242, 21.733545647558387, 73.4865831842576, 36.38150498640073, 52.53020273065784, 31.6127954165672, 47.69468625317374, 28.215120810600155, 29.71216122307158, 28.709070659571836, 25.699664429530202, 22.317306052855926, 37.33651298357181, 30.87236143685965, 31.50307692307692, 39.19246861924686, 25.950206782464846, 23.937820612466968, 23.901583359205215, 30.900486223662885, 32.93224192814916, 51.55915086562242, 32.21232876712329]
red_edge_weights_mean: [23.86164623467601, 28.468854904886236, 36.03115264797508, 29.91983413959917, 34.869167196439925, 31.892675236478293, 35.00632911392405, 35.855357142857144, 30.131272790415004, 29.47948685380414, 30.88258620689655, 27.636786961583237, 38.397923875432525, 54.010507173166296, 32.686080856562675, 53.970331950207466, 36.89999139710943, 66.45508982035928, 31.159940209267564, 47.48461538461538, 31.90205207794447, 24.675611681136544, 36.45569311459413, 25.972101888754114, 52.850042122999156, 36.01003957910995, 38.40085722315908, 28.48701298701299, 21.333690795352993, 73.9022869022869, 35.55367335665623, 52.69583931133429, 30.48780216107831, 37.00660950339407, 35.398305084745765, 32.06131759023212, 28.147420458866776, 26.607407407407408, 22.200542925008484, 52.715723551778126, 36.0553247734139, 40.6, 69.37903225806451, 25.52442941673711, 23.836896663427275, 28.118457300275484, 30.825176056338027, 35.028711484593835, 51.48789649415693, 51.39408866995074]

graph: 40 - 510
or_cluster: [0, 0, 0, 0, 0, 1, 0, 0, 0, 0, 0, 0, 0, 0, 1, 0, 0, 0, 0, 0, 0, 0, 0, 0, 0, 0, 0, 0, 0, 1, 0, 0, 0, 0, 0, 0, 0, 1, 0, 0, 0, 0, 0, 0, 0, 0, 0, 0, 1, 0]
re_cluster: [0, 0, 0, 0, 0, 1, 0, 0, 0, 0, 0, 0, 0, 0, 0, 0, 0, 0, 0, 0, 0, 0, 0, 0, 0, 0, 0, 0, 0, 1, 0, 0, 0, 0, 0, 0, 0, 1, 0, 0, 0, 0, 0, 0, 0, 0, 0, 0, 1, 0]
jaccard_sim: [[0.7510917030567685], [0.9635258358662614], [0.6], [0.9376966645689113], [0.6260740740740741], [0.8795245813074014], [0.2], [0.2692307692307692], [0.9454887218045113], [0.9521276595744681], [0.9631067961165048], [0.8287795992714025], [0.2], [0.3000510290865793], [0.9697231833910035], [0.30565909861064045], [0.8969616908850726], [0.9130434782608695], [0.8951477969882878], [0.2692307692307692], [0.8701734750979295], [0.8823529411764706], [0.9301007556675063], [0.9059139784946236], [0.2976474599386294], [0.9232233502538071], [0.910761154855643], [0.43243243243243246], [0.7], [0.975609756097561], [0.6037296037296037], [0.2947171734329879], [0.8872077028885832], [0.6457597173144877], [0.3333333333333333], [0.8983481575603558], [0.8693009118541033], [0.4166666666666667], [0.7428571428571429], [0.6765153822723119], [0.9476744186046512], [0.7777777777777778], [0.06], [0.8787878787878788], [0.7971698113207547], [0.23333333333333334], [0.8165482657751776], [0.5714285714285714], [0.29269529928982074], [0.48]]
or_edge_weights_mean: [57.74049982882575, 71.01820895522388, 175.41176470588235, 81.74939721951469, 76.89177198171552, 80.38325749684776, 171.87037037037038, 126.76315789473684, 81.75179216025218, 67.38631143775838, 73.65823404602578, 63.54154863078376, 152.37209302325581, 116.14431279620852, 83.4427030327702, 107.30875975715524, 67.39816091954023, 145.9016393442623, 79.9394461912973, 210.3653846153846, 80.69036432257568, 84.50874635568513, 81.74804197594062, 59.69585755813954, 114.18087611869996, 81.927158077843, 84.30811995509703, 95.53020134228188, 61.72882672882673, 132.96323529411765, 120.19337098692033, 116.05765174595734, 65.3296557811121, 107.38542329726289, 131.69736842105263, 67.51151241534988, 71.02779438135087, 113.94666666666667, 59.03465851172273, 110.05531758658671, 73.66030035912505, 95.82758620689656, 89.61702127659575, 58.063881076737644, 59.545207341944256, 105.54887218045113, 77.37667754805949, 121.14432989690722, 116.35628389530771, 146.02]
red_edge_weights_mean: [58.61641945498448, 71.12710051940117, 115.5, 82.31219097240682, 110.37837837837837, 79.85179105918702, 93.33333333333333, 212.05714285714285, 82.41835871404399, 66.80996739636703, 73.8232373386296, 63.0900985452839, 117.47916666666667, 114.56931042598258, 83.82904766744588, 116.24660103141116, 67.02752293577981, 142.42857142857142, 81.04665672046657, 125.47826086956522, 80.99128262076624, 86.51932773109243, 82.56758927137427, 59.739209948792976, 113.48475609756098, 82.56991207377224, 86.1648800097454, 96.8375, 64.24065934065933, 128.09701492537314, 107.83144957752661, 114.33445539793219, 64.61069418386492, 109.62852915793367, 159.60714285714286, 67.19647004180213, 71.42120241906795, 100.07407407407408, 59.17391304347826, 78.981380477713, 73.84915540540541, 127.46296296296296, 56.743589743589745, 58.54984894259819, 61.077015643802646, 154.4578313253012, 95.0868915891657, 149.67857142857142, 115.36252641465133, 88.68888888888888]
