c = 0.00006
EDGE_WEIGHT: 40 - 60
graph: 15 - inf
or_cluster: [0, 0, 0, 0, 1, 0, 1, 0, 0, 0, 1, 0, 1, 1, 0, 1, 0, 0, 0, 1, 0, 0, 0, 0, 0, 0, 0, 1, 0, 0, 1, 0, 0, 0, 0, 1, 0, 0, 1, 0, 0, 0, 1, 0, 0, 1, 0, 0, 0, 1]
re_cluster: [0, 0, 0, 0, 1, 0, 0, 0, 0, 0, 1, 0, 1, 1, 0, 1, 0, 0, 0, 1, 0, 0, 0, 0, 0, 1, 0, 1, 0, 0, 0, 0, 0, 0, 0, 0, 0, 0, 0, 0, 0, 0, 1, 0, 0, 0, 0, 0, 0, 0]
jaccard_sim: [[0.9830508474576272], [0.9371069182389937], [0.921875], [0.6926395254785657], [0.9900990099009901], [0.9408602150537635], [0.9426073736221969], [0.9946140035906643], [0.9895833333333334], [0.9893262174783188], [0.8387096774193549], [0.967479674796748], [0.9319938176197836], [0.7024652876168886], [0.9411764705882353], [0.9119743406985032], [0.8260869565217391], [0.8620689655172413], [0.9072164948453608], [0.9847074468085106], [0.943502824858757], [0.9], [0.9285714285714286], [0.8709677419354839], [0.8837209302325582], [0.3902484939759036], [0.9525547445255474], [0.9946737683089214], [0.953125], [0.8902439024390244], [0.8632058926692389], [0.9491525423728814], [0.9473684210526315], [0.9586056644880174], [0.8223844282238443], [0.9625], [0.9079497907949791], [0.9879437374413932], [0.977924944812362], [0.8591788259246692], [0.9793103448275862], [0.7894736842105263], [0.725], [0.9420289855072463], [0.8103448275862069], [0.973404255319149], [0.8105328762854472], [0.22362181387077654], [0.8974358974358975], [0.984081041968162]]
or_edge_weights_mean: [27.534046692607003, 24.76218438050499, 25.185471406491498, 28.00688142316245, 25.803962237162064, 32.47511005756857, 29.058096820234447, 30.554159913560238, 38.33612460224418, 27.837976713793513, 31.488247863247864, 36.73375796178344, 28.668827660723935, 28.827592601177507, 31.0, 29.91599243339335, 24.500866551126517, 32.47286821705426, 28.715, 27.825482422899785, 25.32502965599051, 41.21022727272727, 31.22595596755504, 28.967391304347824, 22.85630153121319, 53.80933232169954, 21.941463414634146, 25.67013084580229, 25.671351798263746, 29.616373477672532, 34.40379247707235, 42.638260869565215, 39.42612419700214, 25.38561091010298, 28.85682827467244, 39.973101265822784, 27.28578066914498, 27.840324401402174, 24.41727346278317, 29.478253249598364, 28.5461194835796, 110.52, 39.47549019607843, 33.996837444655284, 27.26679462571977, 27.69529652351738, 29.308586716057004, 57.27653559496274, 22.862157534246574, 44.31713401856102]
red_edge_weights_mean: [27.645506181089207, 24.697795823665892, 25.873949579831933, 29.02266355140187, 25.757910706545296, 32.43656597774245, 29.696561642044713, 30.53166935050993, 38.349822124343554, 27.88027149321267, 31.340561224489797, 36.85064935064935, 29.571675566838834, 28.395876170893306, 32.36842105263158, 29.833545353982302, 24.816816816816818, 32.75423728813559, 29.002106741573034, 27.8479216152019, 25.354384914696197, 41.91447368421053, 31.482381530984203, 29.76303317535545, 22.878690629011555, 52.09688538717223, 21.861626248216833, 25.672605231792232, 25.739314430808296, 30.011878247958425, 34.005205054955695, 45.41616161616162, 36.15158924205379, 25.36366262276141, 32.7661083973017, 39.75845410628019, 26.861140724946694, 27.87060942659862, 24.3660984976083, 29.15456348142987, 28.610390941230722, 160.152, 38.58520900321543, 34.07861635220126, 27.77948717948718, 27.344302901627742, 28.04601553110844, 62.92871587462083, 23.23582995951417, 44.45290439693425]

graph: 15 - 510
or_cluster: [0, 0, 0, 0, 1, 0, 1, 1, 0, 0, 1, 0, 1, 1, 0, 1, 0, 0, 0, 1, 0, 0, 0, 0, 0, 1, 1, 1, 0, 0, 1, 0, 0, 0, 0, 1, 1, 0, 1, 1, 0, 0, 1, 0, 0, 1, 0, 0, 0, 1]
re_cluster: [0, 0, 0, 0, 0, 0, 1, 0, 0, 0, 1, 0, 1, 1, 0, 1, 0, 0, 0, 0, 0, 0, 0, 0, 0, 0, 0, 0, 0, 0, 0, 0, 0, 0, 0, 1, 0, 0, 0, 0, 1, 0, 0, 0, 0, 1, 0, 0, 0, 0]
jaccard_sim: [[0.949748743718593], [0.9451219512195121], [0.9015151515151515], [0.6918405069976235], [0.9698905109489051], [0.9463414634146341], [0.8976069046684975], [0.9854132901134521], [0.9787234042553191], [0.98989898989899], [0.9672131147540983], [0.9692307692307692], [0.9431137724550899], [0.6927112092766428], [1.0], [0.8416412343167176], [0.8783783783783784], [0.8666666666666667], [0.8932038834951457], [0.9886578449905482], [0.9468085106382979], [0.95], [0.9223300970873787], [0.7419354838709677], [0.8051282051282052], [0.41109450877848336], [0.9391025641025641], [0.9842233009708737], [0.9691119691119691], [0.930635838150289], [0.8169107856191744], [0.9193548387096774], [0.8717948717948718], [0.958963282937365], [0.728950016772895], [0.9761904761904762], [0.9102040816326531], [0.9899434318038969], [0.9802414928649835], [0.8317195325542571], [0.984399375975039], [0.8947368421052632], [0.8461538461538461], [0.934640522875817], [0.7543859649122807], [0.9521531100478469], [0.7908948194662481], [0.22330960854092527], [0.8467741935483871], [0.9924337957124842]]
or_edge_weights_mean: [28.37254448809799, 24.65276273022752, 25.372413793103448, 27.195423287618013, 26.74187609316027, 29.59609201088301, 26.999452904167047, 31.036127396609096, 29.79750382068263, 25.89327086683915, 31.390992835209826, 39.45325275506577, 27.41664902624894, 28.34713280431202, 29.41025641025641, 27.13569064622888, 29.820023837902266, 32.47286821705426, 27.73457199734572, 25.865917501579563, 25.84353905496625, 41.21022727272727, 31.356223175965667, 28.967391304347824, 23.250457038391225, 39.493425335242804, 23.311387066541705, 26.097495527728086, 25.534631224260576, 33.49181739879414, 27.67787825319806, 40.46534653465346, 39.42612419700214, 25.24737175427486, 27.465348247232473, 45.33102012491325, 27.478867459991793, 25.9200061720231, 24.302731751007613, 27.37275721378361, 28.072828759386006, 118.35031847133757, 39.47549019607843, 34.1832884097035, 27.26679462571977, 27.957905286895514, 26.442500624799173, 60.93973523019166, 22.846153846153847, 31.76634022887324]
red_edge_weights_mean: [28.499446290143965, 24.63590005099439, 25.6273381294964, 26.936060158219593, 26.790309619475302, 29.7656, 26.28052717409392, 30.998417095370005, 29.70410475950642, 25.901205588094534, 31.676855895196507, 40.02118334550767, 26.43047765118317, 27.303340944038023, 29.17948717948718, 27.60384363908089, 29.73974082073434, 32.153225806451616, 29.07320024198427, 25.946648237733243, 25.91307596513076, 41.15406976744186, 31.29255861365953, 28.901315789473685, 22.98467123840258, 39.86142837484519, 23.235219487439736, 26.09347300564061, 25.521499013806707, 34.03404754916349, 27.17980285322131, 41.97444633730835, 41.09615384615385, 25.481062194269743, 27.191165993825695, 45.18818681318681, 26.341182626896913, 25.92440536579867, 24.36672758125571, 27.423848723715526, 28.023069489041994, 109.84677419354838, 40.34375, 34.12715712988192, 27.88757396449704, 27.551047467515247, 26.74002637652489, 61.86656262192743, 22.63416738567731, 31.77195498676081]

graph: 40 - 510
or_cluster: [0, 0, 1, 0, 0, 0, 1, 1, 0, 0, 1, 0, 1, 1, 1, 1, 1, 1, 0, 1, 0, 0, 0, 0, 0, 1, 0, 0, 0, 0, 1, 1, 1, 0, 0, 1, 0, 0, 0, 1, 0, 1, 1, 0, 1, 1, 0, 0, 0, 0]
re_cluster: [0, 0, 0, 0, 0, 0, 0, 0, 0, 0, 0, 0, 1, 1, 1, 0, 1, 0, 0, 0, 0, 0, 0, 1, 0, 0, 0, 0, 0, 0, 0, 0, 0, 0, 0, 0, 0, 0, 0, 0, 0, 0, 1, 0, 0, 1, 0, 0, 0, 0]
jaccard_sim: [[0.9473684210526315], [0.8888888888888888], [0.95], [0.9950617283950617], [0.9701492537313433], [1.0], [0.9602649006622517], [0.9838709677419355], [1.0], [0.9808612440191388], [0.5238095238095238], [1.0], [0.9834437086092715], [0.9901477832512315], [0.7192982456140351], [0.9727047146401985], [0.8333333333333334], [0.8333333333333334], [0.95], [0.9904306220095693], [0.7777777777777778], [0.8823529411764706], [1.0], [0.9411764705882353], [0.8888888888888888], [0.7923076923076923], [0.9473684210526315], [0.9663865546218487], [0.95], [0.8823529411764706], [0.9906890130353817], [0.5652173913043478], [0.9], [1.0], [0.7956204379562044], [0.8947368421052632], [0.9130434782608695], [0.9904761904761905], [0.9565217391304348], [0.9776674937965261], [0.984375], [0.35], [1.0], [0.8888888888888888], [0.9411764705882353], [1.0], [0.9949494949494949], [0.3017802122560767], [0.8518518518518519], [0.9875]]
or_edge_weights_mean: [83.76923076923077, 69.0657894736842, 61.15555555555556, 67.81875563570784, 59.66216216216216, 92.53061224489795, 68.5675, 76.66666666666667, 77.91818181818182, 67.57848837209302, 143.6341463414634, 84.60655737704919, 68.50753768844221, 67.89695340501792, 89.57446808510639, 67.62833675564681, 147.27272727272728, 58.72727272727273, 149.27672955974842, 67.57848837209302, 82.76811594202898, 88.28571428571429, 115.92307692307692, 128.66666666666666, 59.205128205128204, 87.76663734975081, 56.4, 63.82142857142857, 64.76, 57.43333333333333, 68.95886889460154, 197.54022988505747, 126.09701492537313, 69.08527131782945, 68.95886889460154, 122.3644859813084, 101.35106382978724, 67.57848837209302, 53.83018867924528, 67.62833675564681, 83.13953488372093, 63.16216216216216, 108.24657534246575, 103.79629629629629, 92.6923076923077, 72.86585365853658, 70.94558944765045, 121.05762390324875, 96.74015748031496, 106.13461538461539]
red_edge_weights_mean: [90.63414634146342, 72.17460317460318, 61.654761904761905, 67.85144927536231, 59.40845070422535, 92.06122448979592, 68.97927461139896, 77.1984126984127, 77.89090909090909, 67.45427728613569, 151.56578947368422, 84.29508196721312, 68.29620253164558, 67.97341888175986, 81.70149253731343, 67.90063424947147, 156.83478260869566, 64.6734693877551, 152.9318181818182, 67.54970760233918, 82.3013698630137, 86.91666666666667, 115.50769230769231, 133.44776119402985, 58.88135593220339, 89.29716576009162, 57.0, 63.82142857142857, 63.869565217391305, 57.758620689655174, 68.96899224806202, 201.7840909090909, 121.00943396226415, 69.0234375, 68.33841463414635, 119.10169491525424, 99.70833333333333, 67.70605187319885, 53.745098039215684, 67.76371308016877, 82.97, 78.44117647058823, 107.6027397260274, 103.20408163265306, 91.16363636363636, 72.28048780487805, 70.9002514668902, 122.05273343009192, 101.77821011673151, 105.54372623574145]
EDGE_WEIGHT: 90 - 110
graph: 15 - inf
or_cluster: [0, 1, 1, 0, 0, 0, 0, 0, 0, 0, 1, 0, 0, 0, 0, 0, 0, 0, 0, 0, 1, 0, 0, 1, 0, 1, 0, 0, 0, 0, 0, 0, 0, 0, 0, 1, 1, 1, 1, 1, 0, 1, 1, 1, 1, 0, 0, 1, 0, 1]
re_cluster: [0, 0, 1, 0, 0, 0, 0, 0, 0, 0, 0, 0, 0, 0, 0, 0, 0, 0, 0, 0, 0, 0, 0, 1, 0, 1, 0, 0, 0, 0, 0, 0, 0, 0, 0, 1, 0, 0, 1, 0, 0, 0, 0, 0, 1, 0, 0, 1, 0, 1]
jaccard_sim: [[0.8382352941176471], [0.9090909090909091], [0.976], [0.9361702127659575], [0.9455872594558726], [0.2183288409703504], [0.9142953929539296], [0.9696969696969697], [0.8095238095238095], [0.9648964896489649], [0.9822834645669292], [0.22483023324475937], [0.95929203539823], [0.6662173092477757], [0.4729064039408867], [0.704067704067704], [0.8957055214723927], [0.8888888888888888], [0.8028169014084507], [0.8604651162790697], [0.9804502369668247], [0.21172830411080007], [0.898936170212766], [0.8325712275765037], [0.9434931506849316], [0.868421052631579], [0.9159891598915989], [0.8602150537634409], [0.7794117647058824], [0.8498098859315589], [0.38147865853658536], [0.9795918367346939], [0.950446791226645], [0.9713467048710601], [0.9579617834394905], [0.686359923768037], [0.9551724137931035], [0.2141169521559362], [0.7492363232435435], [0.7144542772861356], [0.40702087286527516], [0.7002606429192006], [0.962508080155139], [0.6946433686622744], [0.4583333333333333], [0.9270588235294117], [0.826530612244898], [0.9918099918099919], [0.9272237196765498], [0.7967032967032966]]
or_edge_weights_mean: [30.957066189624328, 29.68460236886633, 27.83830254795985, 24.023800669393825, 25.67067367893814, 62.983771122636774, 29.123863182644957, 25.140327695560252, 31.914975845410627, 26.893129770992367, 25.827874163127206, 62.71542093746401, 24.77636729080715, 29.319812701199883, 26.038848263254113, 37.5934584691469, 25.191516169676607, 27.1156462585034, 41.12930232558139, 27.245359628770302, 24.64887940234792, 60.584221289419865, 25.899940440738536, 29.610217755443887, 27.948260367184492, 67.02051282051282, 23.201438848920862, 25.327305069670917, 22.68566392479436, 26.002132196162048, 39.80181086519115, 29.152530292230935, 26.58118446094712, 44.27126550868486, 28.657130693912304, 28.20621723243129, 40.32190897365027, 53.625022814382184, 29.871305595408895, 29.292814330931375, 59.58156568058594, 27.37743912272214, 32.081381917462984, 28.681719868735083, 563.2076923076924, 25.067022934758405, 26.3474025974026, 37.91991951710261, 28.02445612345317, 25.484610347085788]
red_edge_weights_mean: [31.021660649819495, 29.610141987829614, 27.928185728667746, 24.80376712328767, 25.740718681755013, 55.48601321585903, 29.548387096774192, 25.243082457111235, 32.25369127516778, 26.975048145357114, 25.826842546063652, 62.90119470455279, 24.70731707317073, 28.84567565467402, 25.13834422657952, 29.954336526483097, 25.54407658556043, 26.828767123287673, 46.772602739726025, 26.343232044198896, 24.600778126013186, 55.072915598400165, 26.31328320802005, 29.316968434545746, 27.621730860675225, 67.26980198019803, 23.333673209278615, 26.9132703777336, 22.87151248164464, 26.24673699266941, 38.1479609321453, 29.28255338482508, 26.695965248698784, 44.133168805528136, 28.64331154684096, 29.831525330396477, 39.854905032308594, 60.54515143095304, 30.247031886024423, 37.13094242880232, 37.63625304136253, 28.579955965098264, 31.258920332205474, 27.631258023106547, 733.025974025974, 25.141315014720313, 26.266741071428573, 37.53606158833063, 28.070627646210394, 24.615478366849484]

graph: 15 - 510
or_cluster: [0, 1, 1, 0, 0, 0, 0, 0, 0, 0, 1, 1, 0, 0, 0, 0, 0, 0, 0, 0, 1, 0, 0, 1, 1, 1, 0, 0, 0, 0, 1, 0, 0, 0, 0, 1, 1, 0, 1, 1, 0, 1, 1, 0, 1, 0, 0, 1, 0, 1]
re_cluster: [0, 0, 0, 0, 0, 0, 0, 0, 0, 0, 0, 0, 0, 0, 0, 0, 0, 0, 0, 0, 0, 0, 0, 0, 0, 0, 0, 0, 0, 0, 0, 0, 0, 0, 0, 1, 0, 0, 0, 0, 0, 0, 0, 1, 0, 0, 0, 0, 0, 0]
jaccard_sim: [[0.8354430379746836], [0.9121951219512195], [0.9823788546255506], [0.9308943089430894], [0.973939393939394], [0.2211666914056702], [0.8774128005418219], [0.9808306709265175], [0.8198198198198198], [0.9761092150170648], [0.9827115559599636], [0.2259215219976219], [0.9621399176954732], [0.7186431764396529], [0.4396135265700483], [0.686061888389315], [0.8662790697674418], [0.7777777777777778], [0.8111111111111111], [0.8625954198473282], [0.9894561598224195], [0.21995263469508586], [0.9157894736842105], [0.8147018970189702], [0.9464012251148545], [0.875], [0.9327956989247311], [0.8564356435643564], [0.8465116279069768], [0.8828828828828829], [0.38205794947994054], [0.9713752333540759], [0.9624600638977636], [0.9584905660377359], [0.9457274826789839], [0.6839096106724748], [0.9488817891373802], [0.22331106161841127], [0.6671995736743939], [0.6864724545716758], [0.3733802295446131], [0.7097921225382933], [0.9747899159663865], [0.7484131563762262], [0.3793103448275862], [0.9443155452436195], [0.8571428571428571], [0.0020132876988121604], [0.9805825242718447], [0.5810055865921788]]
or_edge_weights_mean: [30.440414507772022, 29.07811470006592, 25.883731019522777, 25.5300134589502, 26.120783706142475, 61.40237999193223, 27.516636149620716, 25.02616001527592, 31.716621253405993, 26.077063550036524, 26.756809428796807, 61.02521008403362, 24.62174655098848, 26.91445955619184, 25.9847294938918, 26.57169497169497, 25.325047080979285, 27.1156462585034, 36.364609571788414, 27.76207605344296, 26.17856558717697, 59.4242654028436, 25.861538461538462, 27.82218200866708, 28.26254111842105, 60.79587155963303, 23.571027381230984, 25.84353905496625, 22.40288153681964, 26.17276086125621, 39.41588917161436, 26.519062817859773, 26.57869158878505, 31.7718017671917, 31.55972039307061, 27.683702691985726, 33.83608746453013, 61.62182244818146, 28.53955480563307, 28.53944347506658, 37.08495762711864, 26.651518246187365, 27.664887915365615, 30.01830835117773, 159.9878048780488, 25.025641025641026, 26.448024948024948, 35.98678500986193, 27.582153747819486, 25.240119760479043]
red_edge_weights_mean: [31.551326412918108, 29.213232773397326, 25.933133225583006, 25.71458829759068, 26.104152528679915, 62.58405172413793, 27.004117590730633, 25.02354772793617, 31.94965449160908, 25.614441762987425, 26.76845700383644, 62.733773804897005, 24.779332189520918, 27.13963381968298, 27.013100436681224, 26.728246564441587, 25.28215038650738, 27.80952380952381, 38.74487004103967, 27.85541474654378, 26.18598498831057, 62.20648398301814, 25.436109345200254, 27.436442084301362, 28.37164858242912, 66.94183445190157, 23.403413131073716, 26.611560465575064, 22.609222170470424, 25.90219530658592, 36.99845286772019, 26.57059098593576, 26.587291752719263, 31.736206020217992, 31.753823484579037, 27.954914135481346, 33.454666889297044, 61.76799841772152, 26.73770395066828, 27.785471088094763, 40.1059413027917, 26.44360696176511, 27.669033856317093, 26.986940145746335, 105.06172839506173, 25.055667337357477, 26.563517915309447, 24.526315789473685, 27.59926934227804, 24.765765765765767]

graph: 40 - 510
or_cluster: [0, 0, 0, 0, 0, 1, 0, 0, 0, 0, 0, 0, 0, 0, 0, 0, 0, 1, 0, 0, 0, 0, 0, 1, 0, 1, 0, 0, 0, 0, 1, 0, 0, 0, 0, 1, 0, 0, 1, 1, 1, 0, 1, 0, 1, 0, 0, 1, 0, 1]
re_cluster: [0, 0, 0, 0, 0, 1, 0, 0, 0, 0, 0, 0, 0, 0, 0, 0, 0, 0, 0, 0, 0, 0, 0, 0, 0, 1, 0, 0, 0, 0, 0, 0, 0, 0, 0, 0, 0, 0, 1, 0, 0, 0, 0, 0, 0, 0, 0, 0, 0, 1]
jaccard_sim: [[1.0], [1.0], [0.9761904761904762], [0.7142857142857143], [0.9495798319327731], [0.3303494577379928], [0.9975186104218362], [0.7692307692307693], [0.8823529411764706], [0.9014084507042254], [0.9850746268656716], [0.3059431524547804], [0.9264705882352942], [0.9474327628361858], [0.28], [0.9899817850637522], [0.7777777777777778], [0.8823529411764706], [0.8823529411764706], [0.65], [0.9225806451612903], [0.3244274809160305], [1.0], [0.9869402985074627], [1.0], [0.9411764705882353], [0.9047619047619048], [0.65], [0.7272727272727273], [0.9767441860465116], [0.8180610889774237], [0.9593023255813954], [0.9553571428571429], [0.9176470588235294], [0.9636363636363636], [0.981549815498155], [0.9166666666666666], [0.3245418736084946], [0.9836363636363636], [0.9738903394255874], [0.8245436105476673], [0.990228013029316], [0.9532163742690059], [0.9891067538126361], [0.0], [1.0], [1.0], [0.0], [0.9230769230769231], [0.6]]
or_edge_weights_mean: [110.43157894736842, 92.41891891891892, 67.57848837209302, 85.06666666666666, 63.82142857142857, 119.53360935216756, 67.62833675564681, 55.714285714285715, 77.19444444444444, 69.7840909090909, 59.66216216216216, 121.27995139732685, 60.92391304347826, 67.86571172784244, 79.75, 78.56513530522341, 73.61818181818182, 176.07246376811594, 107.81428571428572, 85.03030303030303, 64.5, 120.25143266475645, 83.51785714285714, 68.95886889460154, 89.13333333333334, 151.71951219512195, 53.39393939393939, 82.76811594202898, 51.22727272727273, 78.83, 87.93549265106151, 69.62916666666666, 63.67179487179487, 106.13461538461539, 79.65, 67.86571172784244, 71.89285714285714, 118.29554655870446, 78.58186397984886, 70.65322580645162, 87.288496652465, 69.58115942028985, 70.97269624573379, 69.42441860465117, 88.99858127280098, 76.37037037037037, 74.1311475409836, 91.06201240248049, 63.54089709762533, 65.36363636363636]
red_edge_weights_mean: [109.84210526315789, 91.8108108108108, 67.68343195266272, 103.15151515151516, 64.11764705882354, 119.77251516565562, 67.57613168724279, 57.1, 71.45454545454545, 71.26829268292683, 59.31506849315068, 121.39509470616804, 61.88505747126437, 68.09461966604823, 67.17021276595744, 78.52651515151516, 77.1774193548387, 194.01351351351352, 105.9041095890411, 93.83495145631068, 63.23979591836735, 119.48976608187135, 82.80357142857143, 68.8070404172099, 88.675, 148.11764705882354, 53.733333333333334, 85.55696202531645, 54.23684210526316, 78.08080808080808, 88.93421811886901, 69.88936170212766, 64.04368932038835, 106.72101449275362, 78.66283524904215, 67.91923774954628, 82.88059701492537, 118.61797486364715, 78.38839848675914, 70.5558943089431, 88.18539944903581, 69.31921110299488, 71.26811594202898, 69.38337012509199, 0, 75.98148148148148, 72.75409836065573, 0, 64.84840425531915, 71.96875]
EDGE_WEIGHT: 490 - 510
graph: 15 - inf
or_cluster: [0, 0, 0, 0, 0, 0, 0, 0, 0, 0, 1, 0, 0, 1, 0, 0, 0, 0, 1, 0, 0, 0, 0, 0, 0, 0, 1, 0, 0, 1, 0, 0, 0, 0, 0, 0, 0, 1, 0, 0, 0, 0, 0, 1, 0, 0, 0, 0, 0, 0]
re_cluster: [0, 0, 0, 0, 0, 0, 0, 0, 0, 0, 0, 0, 0, 0, 0, 0, 0, 0, 1, 0, 0, 0, 0, 0, 0, 0, 1, 0, 0, 1, 0, 0, 0, 0, 0, 0, 0, 1, 0, 0, 0, 0, 0, 1, 0, 0, 0, 0, 0, 0]
jaccard_sim: [[0.803921568627451], [0.9466666666666667], [0.4393939393939394], [0.7404915155061439], [0.42680571649285437], [0.6772222222222222], [0.5454545454545454], [0.54], [0.7171258165293951], [0.9464046449307727], [0.8690095846645367], [0.9663394109396914], [0.2857142857142857], [0.2114133648728563], [0.8652234636871509], [0.23323353293413174], [0.8939393939393939], [0.9166666666666666], [0.6548744261409668], [0.32142857142857145], [0.6644628099173554], [0.7741935483870968], [0.6627589967284624], [0.8883610451306413], [0.22278330610426259], [0.7047413793103449], [0.7638888888888888], [0.5728155339805825], [0.6636085626911316], [0.8775510204081632], [0.38239757207890746], [0.22746973546555074], [0.7991412213740458], [0.3912878787878788], [0.37254901960784315], [0.9207760711398545], [0.8811524609843937], [0.6829268292682927], [0.8395061728395061], [0.4194050165273187], [0.8524477918521054], [0.725], [0.0967741935483871], [0.8833955223880597], [0.7611510791366907], [0.40476190476190477], [0.5395842547545334], [0.5333333333333333], [0.22835820895522388], [0.37037037037037035]]
or_edge_weights_mean: [23.94800270819228, 34.10974822466107, 27.103448275862068, 29.305253623188406, 58.23248152435224, 35.98634931746587, 29.46925566343042, 44.399201596806385, 28.79248693465362, 28.108466632705042, 29.544828637483803, 29.74671266233766, 35.81818181818182, 54.83139984532096, 27.55288966199802, 60.449014231622925, 28.48645001900418, 29.91089108910891, 32.638464640354854, 36.18320610687023, 29.441649451128125, 38.43432757718472, 28.590421034832602, 26.583399150024444, 62.21333175747547, 29.68806833114323, 29.501352918438347, 33.11619718309859, 25.757551981169087, 156.95991561181435, 37.42667107875579, 55.062376019396076, 32.166583184257604, 51.65074848447359, 31.59090909090909, 29.91815507290645, 34.130518234165066, 36.662393162393165, 27.134934248141796, 54.08391199473723, 29.15801149541192, 34.0733137829912, 35.848, 26.878944030442366, 26.242561375721234, 23.5734126984127, 48.08413182346109, 48.831739961759084, 58.91073919107392, 31.707602339181285]
red_edge_weights_mean: [23.76195696861724, 34.51922852133256, 28.352631578947367, 28.838771963699557, 40.272414490993725, 28.96134071195887, 36.89419795221843, 49.54077253218884, 29.31851851851852, 28.180451886221505, 29.735239152017755, 29.705442494795427, 37.47698744769875, 63.470151889791595, 27.847610268047085, 62.29119100357812, 28.262484408925026, 31.55, 30.919651434060658, 46.303030303030305, 34.13493701515906, 40.20089507707608, 28.00548692443446, 26.568142486299394, 64.1660245183888, 29.322467603577294, 28.76665071770335, 32.09976247030879, 25.70431410567135, 172.72753623188405, 53.19803544442918, 60.98067408781694, 32.83908374271678, 37.11902270908979, 42.36842105263158, 29.70263919367681, 34.90710382513661, 34.811074918566774, 28.22120765832106, 39.31848935908476, 29.42849339387525, 36.78445229681979, 119.08088235294117, 26.54365818332299, 26.403776325344953, 29.64409578860446, 31.876657824933687, 54.57494407158837, 63.1163967611336, 42.53787878787879]

graph: 15 - 510
or_cluster: [0, 0, 0, 0, 0, 0, 0, 0, 1, 1, 1, 0, 0, 0, 0, 0, 0, 0, 1, 0, 0, 1, 0, 0, 0, 0, 1, 0, 0, 1, 1, 0, 0, 0, 0, 0, 0, 1, 0, 1, 1, 0, 0, 1, 0, 0, 0, 0, 0, 0]
re_cluster: [0, 0, 0, 0, 0, 0, 0, 0, 0, 0, 0, 0, 0, 0, 0, 0, 0, 0, 1, 0, 0, 1, 0, 0, 0, 0, 0, 0, 0, 1, 1, 0, 0, 0, 0, 0, 0, 1, 0, 1, 0, 0, 0, 1, 0, 0, 0, 0, 0, 0]
jaccard_sim: [[0.8228021978021978], [0.9589473684210527], [0.3728813559322034], [0.6543814432989691], [0.41597899474868716], [0.6370060193666579], [0.5344827586206896], [0.48], [0.6640604639040918], [0.9522198731501057], [0.8820770519262982], [0.9064136125654451], [0.4461538461538462], [0.22278632223383604], [0.7938349353662578], [0.20976116303219106], [0.8829331046312179], [0.6296296296296297], [0.6398763523956723], [0.48], [0.643710292249047], [0.6976744186046512], [0.6477181745396317], [0.8223632038065027], [0.21697691734921817], [0.6987654320987654], [0.6888028588445503], [0.6213592233009708], [0.7652439024390244], [0.9259259259259259], [0.3714713030472986], [0.21993483412322276], [0.730836236933798], [0.3718518518518519], [0.4603174603174603], [0.9296325254104769], [0.8608786610878661], [0.6091954022988506], [0.8348348348348348], [0.37388724035608306], [0.8351254480286738], [0.5121951219512195], [0.21875], [0.9226847918436704], [0.8213820078226858], [0.44776119402985076], [0.4928065278076015], [0.7719298245614035], [0.21269700986890558], [0.2692307692307692]]
or_edge_weights_mean: [23.677423469387755, 30.98777660695469, 27.00716845878136, 26.873809738367726, 39.687543884285915, 26.74179878164138, 31.656330749354005, 41.833667334669336, 26.780796152564164, 27.585516589192718, 27.589410225054174, 27.19388471177945, 35.46212121212121, 61.0625, 26.064922421661088, 61.57985901309164, 26.83109200343938, 32.53125, 26.61660447761194, 35.795918367346935, 26.47639095469786, 42.81741140215716, 26.69370116408866, 26.59058453759694, 61.22571711177052, 28.113828652683967, 27.61221795487278, 32.86038744154977, 27.04038082731451, 77.15289256198348, 37.87115896443262, 62.38627602158828, 28.849165484154334, 35.687924016282224, 29.267573696145124, 27.26352550689083, 31.021086565902124, 33.97136563876652, 27.408354430379745, 36.867332382310984, 27.5882273140423, 34.854838709677416, 36.13475177304964, 27.633487318051078, 26.230524289099527, 23.725047080979284, 28.79656597774245, 43.83759124087591, 61.84344119356714, 26.83809523809524]
red_edge_weights_mean: [23.31451612903226, 31.113276820905998, 32.50889679715303, 26.7883127660144, 39.77451114453712, 26.502938764352105, 30.014336917562723, 47.917073170731705, 26.877795333009235, 27.396591821479, 27.263529792877243, 27.361460778038545, 44.82775119617225, 60.90152426795026, 26.12875209507847, 61.207317073170735, 27.524123840955525, 37.125786163522015, 26.434371365809536, 42.660377358490564, 26.398275265343795, 47.02008032128514, 26.92164769537032, 26.48747614988024, 62.131160572337045, 27.453455220165633, 27.45698247221904, 34.531397704253884, 26.62154076290202, 72.43691588785046, 38.31921781921782, 62.325360743229886, 27.852801598534676, 38.49628456572055, 30.996774193548386, 26.74169300156475, 30.986770779556014, 31.583798882681563, 28.282092279579718, 36.57151938970121, 26.75260901221584, 37.298780487804876, 68.02415458937197, 27.641306674658562, 26.18147705952584, 27.877526753864448, 32.67522481428385, 46.638733705772815, 61.25861729367737, 55.8955223880597]

graph: 40 - 510
or_cluster: [0, 0, 0, 0, 0, 0, 0, 0, 0, 0, 0, 0, 0, 0, 0, 0, 0, 0, 0, 0, 0, 0, 0, 0, 0, 0, 0, 0, 0, 1, 1, 0, 0, 0, 1, 0, 0, 1, 0, 0, 0, 0, 0, 0, 0, 0, 0, 1, 0, 0]
re_cluster: [0, 0, 0, 0, 0, 0, 0, 0, 0, 0, 0, 0, 0, 0, 0, 0, 0, 0, 0, 0, 0, 0, 0, 0, 0, 0, 0, 0, 0, 1, 0, 0, 0, 0, 0, 0, 0, 0, 0, 0, 0, 0, 0, 0, 0, 0, 0, 1, 1, 0]
jaccard_sim: [[0.6956521739130435], [0.9285714285714286], [0.7777777777777778], [0.9657282741738066], [0.7666446934739618], [0.9337068160597572], [0.4782608695652174], [0.65], [0.9571078431372549], [0.9498327759197325], [0.9679802955665024], [0.8256410256410256], [0.23076923076923078], [0.31747390039363343], [0.9703703703703703], [0.3107480653482373], [0.8754098360655738], [0.3793103448275862], [0.955785512699906], [0.36666666666666664], [0.9531835205992509], [0.8571428571428571], [0.9582822085889571], [0.7478260869565218], [0.3106060606060606], [0.9584859584859585], [0.9206762028608583], [0.5454545454545454], [0.8571428571428571], [1.0], [0.8042430086788814], [0.3267138663443274], [0.771551724137931], [0.834349593495935], [0.52], [0.9402985074626866], [0.8508771929824561], [0.08823529411764706], [0.7037037037037037], [0.7844971600400935], [0.9583333333333334], [0.6190476190476191], [0.20689655172413793], [0.8387096774193549], [0.7692307692307693], [0.43478260869565216], [0.9708149779735683], [0.65], [0.3290987124463519], [0.5454545454545454]]
or_edge_weights_mean: [50.6, 110.28235294117647, 175.41176470588235, 67.81875563570784, 88.34189723320158, 71.79596412556054, 170.46031746031747, 136.54032258064515, 67.83935018050542, 64.31043256997455, 67.62833675564681, 79.29181494661921, 160.4561403508772, 119.72849083215797, 73.10013717421126, 119.76688867745004, 63.54089709762533, 151.6949152542373, 71.68745360059391, 213.390625, 71.56701030927834, 85.76595744680851, 67.81441441441441, 63.67179487179487, 120.53909465020575, 67.81441441441441, 70.65322580645162, 101.01869158878505, 76.61818181818182, 142.92397660818713, 88.79342723004694, 120.12263473053892, 60.04428044280443, 88.54078014184397, 152.63736263736263, 64.73270440251572, 110.28235294117647, 115.51351351351352, 68.44444444444444, 88.34074707727402, 67.62833675564681, 99.65714285714286, 89.33333333333333, 65.9375, 80.36170212765957, 100.08333333333333, 73.20368916797489, 161.5909090909091, 119.55050263283867, 129.625]
red_edge_weights_mean: [51.0, 111.0933734939759, 171.77272727272728, 67.46238532110091, 88.3133936387511, 71.2746913580247, 104.22222222222223, 143.93577981651376, 67.39775910364146, 64.54089709762533, 66.82736842105263, 78.33579335793358, 92.33962264150944, 120.45368574199806, 73.2937062937063, 120.98950632005725, 63.66120218579235, 93.91666666666667, 71.67810831426392, 87.98780487804878, 71.56871678056189, 91.6774193548387, 67.44776119402985, 64.40677966101696, 120.32879005260641, 67.39556377079482, 70.26902465166131, 121.29508196721312, 57.67857142857143, 135.98136645962734, 88.8309589041096, 120.8961510530138, 59.847457627118644, 87.98881004366812, 104.70666666666666, 64.52160493827161, 111.47720364741642, 201.90052356020942, 68.3103448275862, 88.603125, 67.02941176470588, 113.86440677966101, 51.78260869565217, 66.53333333333333, 84.41025641025641, 129.36144578313252, 73.2135058633239, 158.86274509803923, 119.49424477331453, 125.95348837209302]
